D:\Documents and Settings\All Users\Documents\Thermo\PolySoft\Projects\JanLDHTEST Dec2015.pmp\JanDec_0009.pld


 ;t [min];Revolution Speed [1/min];Torque [Nm];TM [°C];E [kJ];
1-1;0.01120;49.97;43.80;172.9;0.03851;
1-2;0.02787;49.97;42.80;165.6;0.265;
1-3;0.04453;49.97;35.10;161.3;0.469;
1-4;0.06120;49.97;33.30;155.8;0.648;
1-5;0.07787;49.97;31.90;152.2;0.819;
1-6;0.09453;49.97;28.70;151.1;0.977;
1-7;0.111;49.97;26.90;149.9;1.123;
1-8;0.128;49.97;26.00;149.5;1.261;
1-9;0.145;49.97;23.90;149.4;1.392;
1-10;0.161;49.97;23.80;149.9;1.516;
1-11;0.178;49.97;24.70;150.4;1.643;
1-12;0.195;49.97;22.70;150.7;1.767;
1-13;0.211;49.97;22.60;151.3;1.886;
1-14;0.228;49.97;21.40;152.1;2.001;
1-15;0.245;49.97;20.20;152.6;2.110;
1-16;0.261;49.97;20.00;153.6;2.215;
1-17;0.278;49.97;19.10;154.6;2.317;
1-18;0.295;49.97;19.30;155.1;2.418;
1-19;0.311;49.97;18.30;156.2;2.516;
1-20;0.328;49.97;17.80;157.4;2.611;
1-21;0.345;49.97;16.90;158.0;2.701;
1-22;0.361;49.97;16.50;159.3;2.789;
1-23;0.378;49.97;15.90;160.5;2.874;
1-24;0.395;49.97;15.70;161.1;2.956;
1-25;0.411;49.97;15.10;162.2;3.037;
1-26;0.428;49.97;14.50;163.3;3.114;
1-27;0.445;49.97;13.90;163.8;3.189;
1-28;0.461;49.97;13.40;164.9;3.260;
1-29;0.478;49.97;13.10;166.0;3.329;
1-30;0.495;49.97;12.70;166.5;3.397;
1-31;0.511;49.97;12.60;167.6;3.463;
1-32;0.528;49.97;12.10;168.5;3.528;
1-33;0.545;49.97;11.50;168.9;3.590;
1-34;0.561;49.97;11.10;169.9;3.649;
1-35;0.578;49.97;11.00;170.8;3.707;
1-36;0.595;49.97;10.80;171.2;3.764;
1-37;0.611;49.97;10.20;172.0;3.819;
1-38;0.628;49.97;10.30;172.7;3.872;
1-39;0.645;49.97;9.700;173.1;3.924;
1-40;0.661;49.97;9.700;173.9;3.975;
1-41;0.678;49.97;9.200;174.6;4.025;
1-42;0.695;49.97;9.300;174.9;4.073;
1-43;0.711;49.97;9.000;175.6;4.121;
1-44;0.728;49.97;8.900;176.2;4.168;
1-45;0.745;49.97;8.600;176.5;4.214;
1-46;0.761;49.97;8.600;177.1;4.259;
1-47;0.778;49.97;8.500;177.6;4.303;
1-48;0.795;49.97;8.200;177.9;4.347;
1-49;0.811;49.97;8.300;178.5;4.390;
1-50;0.828;49.97;8.000;178.9;4.433;
1-51;0.845;49.97;8.000;179.2;4.475;
1-52;0.861;49.97;7.800;179.6;4.516;
1-53;0.878;49.97;7.700;180.1;4.557;
1-54;0.895;49.97;7.600;180.3;4.597;
1-55;0.911;49.97;7.600;180.7;4.636;
1-56;0.928;49.97;7.600;181.1;4.676;
1-57;0.945;49.97;7.400;181.3;4.715;
1-58;0.961;49.97;7.400;181.7;4.754;
1-59;0.978;49.97;7.200;182.1;4.792;
1-60;0.995;49.97;7.300;182.2;4.830;
1-61;1.011;49.97;7.200;182.6;4.868;
1-62;1.028;49.97;7.200;182.9;4.906;
1-63;1.045;49.97;7.100;183.1;4.943;
1-64;1.061;49.97;7.000;183.4;4.980;
1-65;1.078;49.97;7.000;183.7;5.017;
1-66;1.095;49.97;6.800;183.8;5.053;
1-67;1.111;49.97;7.000;184.1;5.089;
1-68;1.128;49.97;6.800;184.4;5.125;
1-69;1.145;49.97;6.800;184.5;5.161;
1-70;1.161;49.97;6.700;184.8;5.196;
1-71;1.178;49.97;6.700;185.0;5.231;
1-72;1.195;49.97;6.600;185.2;5.266;
1-73;1.211;49.97;6.600;185.4;5.301;
1-74;1.228;49.97;6.700;185.6;5.335;
1-75;1.245;49.97;6.500;185.7;5.370;
1-76;1.261;49.97;6.600;185.9;5.404;
1-77;1.278;49.97;6.400;186.1;5.438;
1-78;1.295;49.97;6.500;186.3;5.472;
1-79;1.311;49.97;6.400;186.5;5.506;
1-80;1.328;49.97;6.500;186.6;5.539;
1-81;1.345;49.97;6.300;186.8;5.573;
1-82;1.361;49.97;6.400;187.0;5.606;
1-83;1.378;49.97;6.400;187.2;5.640;
1-84;1.395;49.97;6.200;187.3;5.673;
1-85;1.411;49.97;6.400;187.5;5.706;
1-86;1.428;49.97;6.300;187.7;5.739;
1-87;1.445;49.97;6.300;187.8;5.772;
1-88;1.461;49.97;6.200;187.9;5.805;
1-89;1.478;49.97;6.200;188.1;5.837;
1-90;1.495;49.97;6.100;188.2;5.869;
1-91;1.511;49.97;6.100;188.4;5.901;
1-92;1.528;49.97;6.100;188.5;5.933;
1-93;1.545;49.97;6.000;188.6;5.965;
1-94;1.561;49.97;6.100;188.8;5.996;
1-95;1.578;49.97;5.900;188.9;6.028;
1-96;1.595;49.97;6.000;189.0;6.059;
1-97;1.611;49.97;5.900;189.1;6.090;
1-98;1.628;49.97;6.000;189.3;6.121;
1-99;1.645;49.97;5.900;189.3;6.152;
1-100;1.661;49.97;5.900;189.5;6.183;
1-101;1.678;49.97;5.900;189.6;6.214;
1-102;1.695;49.97;5.800;189.7;6.245;
1-103;1.711;49.97;5.900;189.8;6.275;
1-104;1.728;49.97;5.800;189.9;6.306;
1-105;1.745;49.97;5.800;190.0;6.336;
1-106;1.761;49.97;5.700;190.1;6.366;
1-107;1.778;49.97;5.800;190.2;6.396;
1-108;1.795;49.97;5.700;190.3;6.427;
1-109;1.811;49.97;5.700;190.4;6.456;
1-110;1.828;49.97;5.700;190.5;6.486;
1-111;1.845;49.97;5.600;190.6;6.516;
1-112;1.861;49.97;5.700;190.7;6.545;
1-113;1.878;49.97;5.600;190.8;6.575;
1-114;1.895;49.97;5.600;190.9;6.604;
1-115;1.911;49.97;5.600;191.0;6.633;
1-116;1.928;49.97;5.600;191.2;6.663;
1-117;1.945;49.97;5.600;191.2;6.692;
1-118;1.961;49.97;5.600;191.3;6.721;
1-119;1.978;49.97;5.600;191.4;6.751;
1-120;1.995;49.97;5.400;191.5;6.780;
1-121;2.011;49.97;5.600;191.6;6.808;
1-122;2.028;49.97;5.400;191.7;6.837;
1-123;2.045;49.97;5.600;191.8;6.866;
1-124;2.061;49.97;5.500;191.9;6.895;
1-125;2.078;49.97;5.500;192.0;6.924;
1-126;2.095;49.97;5.400;192.1;6.952;
1-127;2.111;49.97;5.500;192.1;6.981;
1-128;2.128;49.97;5.500;192.2;7.010;
1-129;2.145;49.97;5.400;192.3;7.038;
1-130;2.161;49.97;5.500;192.4;7.067;
1-131;2.178;49.97;5.400;192.5;7.095;
1-132;2.195;49.97;5.400;192.6;7.123;
1-133;2.211;49.97;5.300;192.7;7.151;
1-134;2.228;49.97;5.400;192.8;7.179;
1-135;2.245;49.97;5.400;192.8;7.208;
1-136;2.261;49.97;5.300;192.9;7.236;
1-137;2.278;49.97;5.400;192.9;7.264;
1-138;2.295;49.97;5.200;193.0;7.291;
1-139;2.311;49.97;5.300;193.1;7.319;
1-140;2.328;49.97;5.200;193.2;7.346;
1-141;2.345;49.97;5.400;193.2;7.374;
1-142;2.361;49.97;5.200;193.3;7.402;
1-143;2.378;49.97;5.300;193.3;7.429;
1-144;2.395;49.97;5.200;193.4;7.457;
1-145;2.411;49.97;5.200;193.5;7.484;
1-146;2.428;49.97;5.200;193.6;7.511;
1-147;2.445;49.97;5.200;193.7;7.538;
1-148;2.461;49.97;5.300;193.8;7.566;
1-149;2.478;49.97;5.200;193.8;7.593;
1-150;2.495;49.97;5.100;193.9;7.620;
1-151;2.511;49.97;5.100;194.0;7.647;
1-152;2.528;49.97;5.200;194.0;7.674;
1-153;2.545;49.97;5.200;194.1;7.701;
1-154;2.561;49.97;5.100;194.2;7.728;
1-155;2.578;49.97;5.200;194.2;7.755;
1-156;2.595;49.97;5.000;194.3;7.782;
1-157;2.611;49.97;5.200;194.4;7.808;
1-158;2.628;49.97;5.000;194.4;7.835;
1-159;2.645;49.97;5.200;194.6;7.862;
1-160;2.661;49.97;5.000;194.6;7.888;
1-161;2.678;49.97;5.100;194.7;7.915;
1-162;2.695;49.97;5.000;194.8;7.941;
1-163;2.711;49.97;5.000;194.8;7.967;
1-164;2.728;49.97;5.000;194.9;7.994;
1-165;2.745;49.97;5.000;195.0;8.020;
1-166;2.761;49.97;5.100;195.0;8.046;
1-167;2.778;49.97;5.000;195.1;8.073;
1-168;2.795;49.97;4.900;195.2;8.099;
1-169;2.811;49.97;5.000;195.3;8.124;
1-170;2.828;49.97;5.000;195.3;8.151;
1-171;2.845;49.97;5.000;195.4;8.177;
1-172;2.861;49.97;4.900;195.5;8.203;
1-173;2.878;49.97;5.000;195.5;8.229;
1-174;2.895;49.97;4.900;195.6;8.255;
1-175;2.911;49.97;5.000;195.7;8.280;
1-176;2.928;49.97;4.800;195.7;8.306;
1-177;2.945;49.97;5.000;195.8;8.332;
1-178;2.961;49.97;4.800;195.9;8.357;
1-179;2.978;49.97;4.900;195.9;8.383;
1-180;2.995;49.97;4.900;196.0;8.408;
1-181;3.011;49.97;4.800;196.1;8.434;
1-182;3.028;49.97;4.900;196.1;8.459;
1-183;3.045;49.97;4.800;196.2;8.485;
1-184;3.061;49.97;4.900;196.2;8.510;
1-185;3.078;49.97;4.800;196.3;8.535;
1-186;3.095;49.97;4.800;196.4;8.560;
1-187;3.111;49.97;4.800;196.4;8.586;
1-188;3.128;49.97;4.900;196.4;8.611;
1-189;3.145;49.97;4.800;196.6;8.636;
1-190;3.161;49.97;4.700;196.6;8.661;
1-191;3.178;49.97;4.900;196.7;8.686;
1-192;3.195;49.97;4.700;196.7;8.711;
1-193;3.211;49.97;4.800;196.8;8.736;
1-194;3.228;49.97;4.700;196.9;8.761;
1-195;3.245;49.97;4.800;197.0;8.786;
1-196;3.261;49.97;4.700;197.0;8.811;
1-197;3.278;49.97;4.800;197.1;8.836;
1-198;3.295;49.97;4.800;197.1;8.861;
1-199;3.311;49.97;4.700;197.2;8.886;
1-200;3.328;49.97;4.700;197.3;8.910;
1-201;3.345;49.97;4.600;197.3;8.935;
1-202;3.361;49.97;4.700;197.4;8.959;
1-203;3.378;49.97;4.700;197.4;8.984;
1-204;3.395;49.97;4.700;197.5;9.008;
1-205;3.411;49.97;4.600;197.5;9.032;
1-206;3.428;49.97;4.700;197.6;9.057;
1-207;3.445;49.97;4.700;197.7;9.081;
1-208;3.461;49.97;4.600;197.7;9.106;
1-209;3.478;49.97;4.700;197.8;9.130;
1-210;3.495;49.97;4.600;197.8;9.154;
1-211;3.511;49.97;4.600;197.9;9.178;
1-212;3.528;49.97;4.500;197.9;9.202;
1-213;3.545;49.97;4.700;198.0;9.226;
1-214;3.561;49.97;4.600;198.0;9.251;
1-215;3.578;49.97;4.600;198.1;9.275;
1-216;3.595;49.97;4.600;198.1;9.299;
1-217;3.611;49.97;4.500;198.2;9.323;
1-218;3.628;49.97;4.600;198.2;9.346;
1-219;3.645;49.97;4.500;198.3;9.370;
1-220;3.661;49.97;4.600;198.4;9.394;
1-221;3.678;49.97;4.500;198.4;9.418;
1-222;3.695;49.97;4.600;198.5;9.442;
1-223;3.711;49.97;4.500;198.5;9.466;
1-224;3.728;49.97;4.600;198.6;9.489;
1-225;3.745;49.97;4.500;198.6;9.513;
1-226;3.761;49.97;4.500;198.7;9.537;
1-227;3.778;49.97;4.600;198.7;9.560;
1-228;3.795;49.97;4.500;198.8;9.584;
1-229;3.811;49.97;4.500;198.8;9.608;
1-230;3.828;49.97;4.400;198.8;9.631;
1-231;3.845;49.97;4.500;198.9;9.654;
1-232;3.861;49.97;4.500;199.0;9.678;
1-233;3.878;49.97;4.400;199.0;9.701;
1-234;3.895;49.97;4.500;199.0;9.725;
1-235;3.911;49.97;4.400;199.1;9.748;
1-236;3.928;49.97;4.500;199.1;9.771;
1-237;3.945;49.97;4.400;199.2;9.794;
1-238;3.961;49.97;4.500;199.2;9.818;
1-239;3.978;49.97;4.400;199.3;9.841;
1-240;3.995;49.97;4.500;199.3;9.864;
1-241;4.011;49.97;4.400;199.4;9.888;
1-242;4.028;49.97;4.500;199.4;9.911;
1-243;4.045;49.97;4.400;199.4;9.934;
1-244;4.061;49.97;4.400;199.5;9.957;
1-245;4.078;49.97;4.500;199.5;9.980;
1-246;4.095;49.97;4.400;199.6;10.00;
1-247;4.111;49.97;4.400;199.6;10.03;
1-248;4.128;49.97;4.400;199.6;10.05;
1-249;4.145;49.97;4.500;199.7;10.07;
1-250;4.161;49.97;4.400;199.7;10.10;
1-251;4.178;49.97;4.400;199.8;10.12;
1-252;4.195;49.97;4.400;199.8;10.14;
1-253;4.211;49.97;4.300;199.9;10.17;
1-254;4.228;49.97;4.400;199.9;10.19;
1-255;4.245;49.97;4.300;200.0;10.21;
1-256;4.261;49.97;4.400;200.0;10.23;
1-257;4.278;49.97;4.300;200.0;10.26;
1-258;4.295;49.97;4.400;200.0;10.28;
1-259;4.311;49.97;4.300;200.1;10.30;
1-260;4.328;49.97;4.400;200.1;10.32;
1-261;4.345;49.97;4.300;200.2;10.35;
1-262;4.361;49.97;4.300;200.2;10.37;
1-263;4.378;49.97;4.400;200.2;10.39;
1-264;4.395;49.97;4.300;200.3;10.42;
1-265;4.411;49.97;4.300;200.3;10.44;
1-266;4.428;49.97;4.300;200.3;10.46;
1-267;4.445;49.97;4.400;200.4;10.48;
1-268;4.461;49.97;4.300;200.4;10.51;
1-269;4.478;49.97;4.300;200.4;10.53;
1-270;4.495;49.97;4.400;200.5;10.55;
1-271;4.511;49.97;4.200;200.5;10.57;
1-272;4.528;49.97;4.300;200.5;10.60;
1-273;4.545;49.97;4.200;200.6;10.62;
1-274;4.561;49.97;4.400;200.6;10.64;
1-275;4.578;49.97;4.200;200.6;10.66;
1-276;4.595;49.97;4.300;200.7;10.69;
1-277;4.611;49.97;4.200;200.7;10.71;
1-278;4.628;49.97;4.300;200.8;10.73;
1-279;4.645;49.97;4.200;200.8;10.75;
1-280;4.661;49.97;4.200;200.8;10.77;
1-281;4.678;49.97;4.300;200.9;10.80;
1-282;4.695;49.97;4.200;200.9;10.82;
1-283;4.711;49.97;4.200;201.0;10.84;
1-284;4.728;49.97;4.200;201.0;10.86;
1-285;4.745;49.97;4.300;201.0;10.88;
1-286;4.761;49.97;4.200;201.1;10.91;
1-287;4.778;49.97;4.200;201.1;10.93;
1-288;4.795;49.97;4.300;201.1;10.95;
1-289;4.811;49.97;4.100;201.2;10.97;
1-290;4.828;49.97;4.200;201.2;10.99;
1-291;4.845;49.97;4.100;201.2;11.02;
1-292;4.861;49.97;4.300;201.3;11.04;
1-293;4.878;49.97;4.100;201.3;11.06;
1-294;4.895;49.97;4.200;201.3;11.08;
1-295;4.911;49.97;4.200;201.3;11.10;
1-296;4.928;49.97;4.200;201.4;11.13;
1-297;4.945;49.97;4.200;201.4;11.15;
1-298;4.961;49.97;4.100;201.4;11.17;
1-299;4.978;49.97;4.200;201.5;11.19;
1-300;4.995;49.97;4.200;201.5;11.21;
1-301;5.011;49.97;4.200;201.5;11.24;
1-302;5.028;49.97;4.200;201.6;11.26;
1-303;5.045;49.97;4.200;201.6;11.28;
1-304;5.061;49.97;4.200;201.6;11.30;
1-305;5.078;49.97;4.100;201.7;11.32;
1-306;5.095;49.97;4.300;201.7;11.35;
1-307;5.111;49.97;4.100;201.7;11.37;
1-308;5.128;49.97;4.200;201.8;11.39;
1-309;5.145;49.97;4.100;201.8;11.41;
1-310;5.161;49.97;4.200;201.8;11.43;
1-311;5.178;49.97;4.100;201.8;11.45;
1-312;5.195;49.97;4.100;201.9;11.48;
1-313;5.211;49.97;4.100;201.9;11.50;
1-314;5.228;49.97;4.100;201.9;11.52;
1-315;5.245;49.97;4.100;202.0;11.54;
1-316;5.261;49.97;4.000;202.0;11.56;
1-317;5.278;49.97;4.200;202.0;11.58;
1-318;5.295;49.97;4.100;202.0;11.60;
1-319;5.311;49.97;4.100;202.0;11.63;
1-320;5.328;49.97;4.100;202.1;11.65;
1-321;5.345;49.97;4.100;202.1;11.67;
1-322;5.361;49.97;4.100;202.1;11.69;
1-323;5.378;49.97;4.000;202.2;11.71;
1-324;5.395;49.97;4.100;202.2;11.73;
1-325;5.411;49.97;4.000;202.2;11.75;
1-326;5.428;49.97;4.100;202.3;11.77;
1-327;5.445;49.97;4.000;202.3;11.80;
1-328;5.461;49.97;4.100;202.3;11.82;
1-329;5.478;49.97;4.000;202.3;11.84;
1-330;5.495;49.97;4.100;202.4;11.86;
1-331;5.511;49.97;4.100;202.4;11.88;
1-332;5.528;49.97;4.000;202.4;11.90;
1-333;5.545;49.97;4.100;202.4;11.92;
1-334;5.561;49.97;4.000;202.5;11.94;
1-335;5.578;49.97;4.100;202.5;11.97;
1-336;5.595;49.97;4.000;202.5;11.99;
1-337;5.611;49.97;4.000;202.6;12.01;
1-338;5.628;49.97;4.000;202.6;12.03;
1-339;5.645;49.97;4.000;202.6;12.05;
1-340;5.661;49.97;4.000;202.6;12.07;
1-341;5.678;49.97;4.000;202.6;12.09;
1-342;5.695;49.97;4.100;202.7;12.11;
1-343;5.711;49.97;4.000;202.7;12.13;
1-344;5.728;49.97;4.000;202.7;12.16;
1-345;5.745;49.97;4.000;202.7;12.18;
1-346;5.761;49.97;4.100;202.8;12.20;
1-347;5.778;49.97;4.000;202.8;12.22;
1-348;5.795;49.97;4.000;202.8;12.24;
1-349;5.811;49.97;4.000;202.8;12.26;
1-350;5.828;49.97;4.000;202.8;12.28;
1-351;5.845;49.97;4.000;202.9;12.30;
1-352;5.861;49.97;4.000;202.9;12.32;
1-353;5.878;49.97;4.100;202.9;12.34;
1-354;5.895;49.97;3.900;202.9;12.37;
1-355;5.911;49.97;4.000;203.0;12.39;
1-356;5.928;49.97;3.900;203.0;12.41;
1-357;5.945;49.97;4.000;203.0;12.43;
1-358;5.961;49.97;4.000;203.0;12.45;
1-359;5.978;49.97;4.000;203.1;12.47;
1-360;5.995;49.97;4.000;203.1;12.49;
1-361;6.011;49.97;3.900;203.1;12.51;
1-362;6.028;49.97;4.000;203.1;12.53;
1-363;6.045;49.97;3.900;203.2;12.55;
1-364;6.061;49.97;4.000;203.2;12.57;
1-365;6.078;49.97;4.000;203.2;12.59;
1-366;6.095;49.97;4.000;203.2;12.61;
1-367;6.111;49.97;4.000;203.2;12.64;
1-368;6.128;49.97;3.900;203.3;12.66;
1-369;6.145;49.97;4.000;203.3;12.68;
1-370;6.161;49.97;3.900;203.3;12.70;
1-371;6.178;49.97;4.100;203.3;12.72;
1-372;6.195;49.97;3.900;203.4;12.74;
1-373;6.211;49.97;4.000;203.4;12.76;
1-374;6.228;49.97;3.900;203.4;12.78;
1-375;6.245;49.97;4.000;203.4;12.80;
1-376;6.261;49.97;4.000;203.4;12.82;
1-377;6.278;49.97;3.900;203.4;12.84;
1-378;6.295;49.97;4.000;203.4;12.86;
1-379;6.311;49.97;4.000;203.5;12.88;
1-380;6.328;49.97;4.000;203.5;12.91;
1-381;6.345;49.97;3.900;203.5;12.93;
1-382;6.361;49.97;4.000;203.5;12.95;
1-383;6.378;49.97;4.000;203.6;12.97;
1-384;6.395;49.97;3.900;203.6;12.99;
1-385;6.411;49.97;4.000;203.6;13.01;
1-386;6.428;49.97;3.900;203.6;13.03;
1-387;6.445;49.97;4.000;203.6;13.05;
1-388;6.461;49.97;3.900;203.6;13.07;
1-389;6.478;49.97;4.000;203.7;13.09;
1-390;6.495;49.97;3.900;203.7;13.11;
1-391;6.511;49.97;4.000;203.7;13.13;
1-392;6.528;49.97;3.900;203.7;13.15;
1-393;6.545;49.97;4.000;203.7;13.17;
1-394;6.561;49.97;4.000;203.8;13.20;
1-395;6.578;49.97;3.900;203.8;13.22;
1-396;6.595;49.97;4.000;203.8;13.24;
1-397;6.611;49.97;3.900;203.8;13.26;
1-398;6.628;49.97;4.000;203.8;13.28;
1-399;6.645;49.97;3.900;203.8;13.30;
1-400;6.661;49.97;4.000;203.8;13.32;
1-401;6.678;49.97;3.900;203.9;13.34;
1-402;6.695;49.97;3.900;203.9;13.36;
1-403;6.711;49.97;4.000;203.9;13.38;
1-404;6.728;49.97;3.900;203.9;13.40;
1-405;6.745;49.97;4.000;203.9;13.42;
1-406;6.761;49.97;3.900;204.0;13.44;
1-407;6.778;49.97;4.000;204.0;13.46;
1-408;6.795;49.97;3.900;204.0;13.48;
1-409;6.811;49.97;4.000;204.0;13.51;
1-410;6.828;49.97;3.900;204.0;13.53;
1-411;6.845;49.97;3.900;204.0;13.55;
1-412;6.861;49.97;3.900;204.1;13.57;
1-413;6.878;49.97;3.900;204.1;13.59;
1-414;6.895;49.97;4.000;204.1;13.61;
1-415;6.911;49.97;3.900;204.1;13.63;
1-416;6.928;49.97;3.900;204.2;13.65;
1-417;6.945;49.97;3.900;204.2;13.67;
1-418;6.961;49.97;4.000;204.2;13.69;
1-419;6.978;49.97;3.900;204.2;13.71;
1-420;6.995;49.97;3.900;204.2;13.73;
1-421;7.011;49.97;4.000;204.2;13.75;
1-422;7.028;49.97;3.800;204.2;13.77;
1-423;7.045;49.97;3.900;204.3;13.79;
1-424;7.061;49.97;3.800;204.3;13.81;
1-425;7.078;49.97;4.000;204.3;13.83;
1-426;7.095;49.97;3.900;204.3;13.85;
1-427;7.111;49.97;4.000;204.3;13.87;
1-428;7.128;49.97;3.900;204.3;13.89;
1-429;7.145;49.97;3.900;204.4;13.92;
1-430;7.161;49.97;3.900;204.4;13.94;
1-431;7.178;49.97;3.900;204.4;13.96;
1-432;7.195;49.97;3.900;204.4;13.98;
1-433;7.211;49.97;3.900;204.4;14.00;
1-434;7.228;49.97;3.900;204.4;14.02;
1-435;7.245;49.97;3.800;204.5;14.04;
1-436;7.261;49.97;3.900;204.5;14.06;
1-437;7.278;49.97;3.900;204.5;14.08;
1-438;7.295;49.97;3.900;204.5;14.10;
1-439;7.311;49.97;3.900;204.5;14.12;
1-440;7.328;49.97;3.800;204.5;14.14;
1-441;7.345;49.97;3.900;204.5;14.16;
1-442;7.361;49.97;3.800;204.6;14.18;
1-443;7.378;49.97;3.900;204.6;14.20;
1-444;7.395;49.97;3.900;204.6;14.22;
1-445;7.411;49.97;3.900;204.6;14.24;
1-446;7.428;49.97;3.900;204.6;14.26;
1-447;7.445;49.97;3.900;204.6;14.28;
1-448;7.461;49.97;3.900;204.6;14.30;
1-449;7.478;49.97;3.900;204.6;14.32;
1-450;7.495;49.97;3.900;204.7;14.34;
1-451;7.511;49.97;3.900;204.7;14.36;
1-452;7.528;49.97;3.900;204.7;14.38;
1-453;7.545;49.97;3.800;204.7;14.40;
1-454;7.561;49.97;3.900;204.8;14.42;
1-455;7.578;49.97;3.900;204.8;14.44;
1-456;7.595;49.97;3.900;204.8;14.46;
1-457;7.611;49.97;3.900;204.8;14.48;
1-458;7.628;49.97;3.900;204.8;14.51;
1-459;7.645;49.97;3.900;204.8;14.53;
1-460;7.661;49.97;3.900;204.9;14.55;
1-461;7.678;49.97;3.900;204.9;14.57;
1-462;7.695;49.97;3.900;204.9;14.59;
1-463;7.711;49.97;3.900;204.9;14.61;
1-464;7.728;49.97;4.000;205.0;14.63;
1-465;7.745;49.97;3.900;205.0;14.65;
1-466;7.761;49.97;3.900;205.0;14.67;
1-467;7.778;49.97;3.900;205.0;14.69;
1-468;7.795;49.97;4.000;205.0;14.71;
1-469;7.811;49.97;3.900;205.0;14.73;
1-470;7.828;49.97;3.900;205.1;14.75;
1-471;7.845;49.97;3.900;205.1;14.77;
1-472;7.861;49.97;3.900;205.1;14.79;
1-473;7.878;49.97;4.000;205.1;14.81;
1-474;7.895;49.97;3.900;205.1;14.83;
1-475;7.911;49.97;3.900;205.2;14.85;
1-476;7.928;49.97;3.900;205.2;14.87;
1-477;7.945;49.97;3.900;205.2;14.89;
1-478;7.961;49.97;3.900;205.2;14.91;
1-479;7.978;49.97;4.000;205.2;14.94;
1-480;7.995;49.97;3.900;205.2;14.96;
1-481;8.011;49.97;3.900;205.2;14.98;
1-482;8.028;49.97;4.000;205.3;15.00;
1-483;8.045;49.97;3.900;205.3;15.02;
1-484;8.061;49.97;4.000;205.3;15.04;
1-485;8.078;49.97;3.900;205.3;15.06;
1-486;8.095;49.97;4.000;205.3;15.08;
1-487;8.111;49.97;3.900;205.3;15.10;
1-488;8.128;49.97;4.000;205.4;15.12;
1-489;8.145;49.97;3.900;205.4;15.14;
1-490;8.161;49.97;3.900;205.4;15.16;
1-491;8.178;49.97;3.800;205.4;15.18;
1-492;8.195;49.97;3.800;205.4;15.20;
1-493;8.211;49.97;3.900;205.4;15.22;
1-494;8.228;49.97;3.800;205.4;15.24;
1-495;8.245;49.97;3.800;205.5;15.26;
1-496;8.261;49.97;3.800;205.5;15.28;
1-497;8.278;49.97;3.900;205.5;15.30;
1-498;8.295;49.97;3.800;205.5;15.32;
1-499;8.311;49.97;3.800;205.5;15.34;
1-500;8.328;49.97;3.800;205.5;15.36;
1-501;8.345;49.97;3.800;205.5;15.38;
1-502;8.361;49.97;3.900;205.5;15.40;
1-503;8.378;49.97;3.800;205.6;15.42;
1-504;8.395;49.97;3.900;205.6;15.44;
1-505;8.411;49.97;3.800;205.6;15.46;
1-506;8.428;49.97;3.900;205.6;15.48;
1-507;8.445;49.97;3.900;205.6;15.50;
1-508;8.461;49.97;3.900;205.6;15.52;
1-509;8.478;49.97;3.900;205.6;15.54;
1-510;8.495;49.97;3.900;205.6;15.56;
1-511;8.511;49.97;3.900;205.6;15.59;
1-512;8.528;49.97;3.900;205.7;15.61;
1-513;8.545;49.97;3.900;205.7;15.63;
1-514;8.561;49.97;3.900;205.7;15.65;
1-515;8.578;49.97;3.900;205.7;15.67;
1-516;8.595;49.97;3.900;205.7;15.69;
1-517;8.611;49.97;3.900;205.7;15.71;
1-518;8.628;49.97;3.900;205.7;15.73;
1-519;8.645;49.97;3.800;205.8;15.75;
1-520;8.661;49.97;3.900;205.8;15.77;
1-521;8.678;49.97;3.900;205.8;15.79;
1-522;8.695;49.97;4.000;205.8;15.81;
1-523;8.711;49.97;3.900;205.8;15.83;
1-524;8.728;49.97;4.000;205.8;15.85;
1-525;8.745;49.97;3.900;205.8;15.87;
1-526;8.761;49.97;3.900;205.8;15.89;
1-527;8.778;49.97;4.000;205.8;15.91;
1-528;8.795;49.97;4.000;205.8;15.93;
1-529;8.811;49.97;4.000;205.8;15.95;
1-530;8.828;49.97;3.900;205.8;15.98;
1-531;8.845;49.97;4.000;205.9;16.00;
1-532;8.861;49.97;4.000;205.9;16.02;
1-533;8.878;49.97;4.000;205.9;16.04;
1-534;8.895;49.97;3.900;205.9;16.06;
1-535;8.911;49.97;3.800;205.9;16.08;
1-536;8.928;49.97;3.800;205.9;16.10;
1-537;8.945;49.97;3.800;206.0;16.12;
1-538;8.961;49.97;3.800;206.0;16.14;
1-539;8.978;49.97;3.800;206.0;16.16;
1-540;8.995;49.97;3.900;206.0;16.18;
1-541;9.011;49.97;3.800;206.0;16.20;
1-542;9.028;49.97;3.800;206.0;16.22;
1-543;9.045;49.97;3.700;206.0;16.24;
1-544;9.061;49.97;3.700;206.0;16.26;
1-545;9.078;49.97;3.700;206.0;16.28;
1-546;9.095;49.97;3.700;206.0;16.30;
1-547;9.111;49.97;3.800;206.0;16.32;
1-548;9.128;49.97;3.700;206.0;16.34;
1-549;9.145;49.97;3.800;206.1;16.35;
1-550;9.161;49.97;3.700;206.1;16.37;
1-551;9.178;49.97;3.800;206.1;16.39;
1-552;9.195;49.97;3.800;206.1;16.41;
1-553;9.211;49.97;3.800;206.1;16.43;
1-554;9.228;49.97;3.800;206.1;16.45;
1-555;9.245;49.97;3.700;206.1;16.47;
1-556;9.261;49.97;3.800;206.1;16.49;
1-557;9.278;49.97;3.800;206.1;16.51;
1-558;9.295;49.97;3.900;206.1;16.53;
1-559;9.311;49.97;3.800;206.1;16.55;
1-560;9.328;49.97;3.800;206.2;16.57;
1-561;9.345;49.97;3.800;206.2;16.59;
1-562;9.361;49.97;3.800;206.2;16.61;
1-563;9.378;49.97;3.800;206.2;16.63;
1-564;9.395;49.97;3.900;206.2;16.65;
1-565;9.411;49.97;3.900;206.2;16.67;
1-566;9.428;49.97;3.800;206.2;16.69;
1-567;9.445;49.97;3.800;206.2;16.71;
1-568;9.461;49.97;3.800;206.3;16.73;
1-569;9.478;49.97;3.800;206.2;16.75;
1-570;9.495;49.97;3.900;206.3;16.77;
1-571;9.511;49.97;3.800;206.3;16.79;
1-572;9.528;49.97;3.900;206.3;16.81;
1-573;9.545;49.97;3.800;206.3;16.83;
1-574;9.561;49.97;3.900;206.3;16.85;
1-575;9.578;49.97;3.800;206.3;16.87;
1-576;9.595;49.97;3.900;206.3;16.89;
1-577;9.611;49.97;3.800;206.3;16.91;
1-578;9.628;49.97;3.900;206.3;16.93;
1-579;9.645;49.97;3.900;206.4;16.95;
1-580;9.661;49.97;3.900;206.4;16.98;
1-581;9.678;49.97;3.900;206.4;17.00;
1-582;9.695;49.97;3.900;206.4;17.02;
1-583;9.711;49.97;3.900;206.4;17.04;
1-584;9.728;49.97;3.900;206.4;17.06;
1-585;9.745;49.97;3.900;206.4;17.08;
1-586;9.761;49.97;3.900;206.4;17.10;
1-587;9.778;49.97;3.900;206.4;17.12;
1-588;9.795;49.97;4.000;206.4;17.14;
1-589;9.811;49.97;3.900;206.5;17.16;
1-590;9.828;49.97;3.900;206.5;17.18;
1-591;9.845;49.97;3.900;206.5;17.20;
1-592;9.861;49.97;3.900;206.5;17.22;
1-593;9.878;49.97;3.900;206.5;17.24;
1-594;9.895;49.97;4.000;206.5;17.26;
1-595;9.911;49.97;3.900;206.5;17.28;
1-596;9.928;49.97;4.000;206.5;17.30;
1-597;9.945;49.97;3.900;206.5;17.32;
1-598;9.961;49.97;3.800;206.5;17.34;
1-599;9.978;49.97;3.800;206.5;17.36;
1-600;9.995;49.97;3.800;206.5;17.38;
1-601;10.01;49.97;3.900;206.5;17.40;
1-602;10.03;49.97;3.800;206.6;17.42;
1-603;10.04;49.97;3.800;206.6;17.44;
1-604;10.06;49.97;3.800;206.6;17.46;
1-605;10.08;49.97;3.900;206.6;17.48;
1-606;10.09;49.97;3.900;206.6;17.50;
1-607;10.11;49.97;3.900;206.6;17.52;
1-608;10.13;49.97;3.900;206.6;17.55;
1-609;10.14;49.97;3.900;206.6;17.57;
1-610;10.16;49.97;3.900;206.6;17.59;
1-611;10.18;49.97;3.900;206.6;17.61;
1-612;10.19;49.97;3.900;206.6;17.63;
1-613;10.21;49.97;3.900;206.6;17.65;
1-614;10.23;49.97;3.900;206.6;17.67;
1-615;10.24;49.97;3.900;206.7;17.69;
1-616;10.26;49.97;3.800;206.7;17.71;
1-617;10.28;49.97;3.900;206.7;17.73;
1-618;10.29;49.97;3.900;206.7;17.75;
1-619;10.31;49.97;3.900;206.7;17.77;
1-620;10.33;49.97;3.900;206.7;17.79;
1-621;10.34;49.97;3.900;206.7;17.81;
1-622;10.36;49.97;3.900;206.7;17.83;
1-623;10.38;49.97;3.900;206.7;17.85;
1-624;10.39;49.97;3.900;206.7;17.87;
1-625;10.41;49.97;3.900;206.7;17.89;
1-626;10.43;49.97;4.000;206.7;17.91;
1-627;10.44;49.97;3.900;206.7;17.93;
1-628;10.46;49.97;3.900;206.7;17.95;
1-629;10.48;49.97;3.900;206.7;17.97;
1-630;10.49;49.97;4.000;206.8;17.99;
1-631;10.51;49.97;4.000;206.8;18.02;
1-632;10.53;49.97;4.000;206.8;18.04;
1-633;10.54;49.97;4.000;206.8;18.06;
1-634;10.56;49.97;3.900;206.8;18.08;
1-635;10.58;49.97;4.000;206.8;18.10;
1-636;10.59;49.97;4.000;206.8;18.12;
1-637;10.61;49.97;4.000;206.8;18.14;
1-638;10.63;49.97;3.900;206.8;18.16;
1-639;10.64;49.97;4.000;206.8;18.18;
1-640;10.66;49.97;3.900;206.8;18.20;
1-641;10.68;49.97;3.900;206.8;18.22;
1-642;10.69;49.97;3.900;206.8;18.24;
1-643;10.71;49.97;3.900;206.8;18.26;
1-644;10.73;49.97;3.900;206.8;18.28;
1-645;10.74;49.97;3.900;206.8;18.30;
1-646;10.76;49.97;3.900;206.8;18.33;
1-647;10.78;49.97;3.900;206.9;18.35;
1-648;10.79;49.97;4.000;206.9;18.37;
1-649;10.81;49.97;4.000;206.9;18.39;
1-650;10.83;49.97;3.900;206.9;18.41;
1-651;10.84;49.97;4.000;206.9;18.43;
1-652;10.86;49.97;3.900;206.9;18.45;
1-653;10.88;49.97;4.000;206.9;18.47;
1-654;10.89;49.97;4.000;206.9;18.49;
1-655;10.91;49.97;4.000;206.9;18.51;
1-656;10.93;49.97;4.000;206.9;18.53;
1-657;10.94;49.97;4.000;206.9;18.55;
1-658;10.96;49.97;4.000;207.0;18.57;
1-659;10.98;49.97;4.000;207.0;18.60;
1-660;10.99;49.97;4.000;206.9;18.62;
1-661;11.01;49.97;4.000;207.0;18.64;
1-662;11.03;49.97;4.100;207.0;18.66;
1-663;11.04;49.97;4.000;207.0;18.68;
1-664;11.06;49.97;3.900;207.0;18.70;
1-665;11.08;49.97;3.900;207.0;18.72;
1-666;11.09;49.97;4.000;207.0;18.74;
1-667;11.11;49.97;4.000;207.0;18.76;
1-668;11.13;49.97;4.000;207.0;18.78;
1-669;11.14;49.97;4.000;207.0;18.80;
1-670;11.16;49.97;3.900;207.0;18.82;
1-671;11.18;49.97;4.000;207.0;18.85;
1-672;11.19;49.97;4.000;207.0;18.87;
1-673;11.21;49.97;4.000;207.0;18.89;
1-674;11.23;49.97;4.000;207.0;18.91;
1-675;11.24;49.97;4.100;207.0;18.93;
1-676;11.26;49.97;4.000;207.0;18.95;
1-677;11.28;49.97;4.000;207.1;18.97;
1-678;11.29;49.97;4.000;207.0;18.99;
1-679;11.31;49.97;4.000;207.0;19.01;
1-680;11.33;49.97;4.000;207.1;19.03;
1-681;11.34;49.97;4.000;207.1;19.06;
1-682;11.36;49.97;4.000;207.1;19.08;
1-683;11.38;49.97;4.000;207.1;19.10;
1-684;11.39;49.97;4.100;207.1;19.12;
1-685;11.41;49.97;4.100;207.1;19.14;
1-686;11.43;49.97;4.100;207.1;19.16;
1-687;11.44;49.97;4.000;207.1;19.18;
1-688;11.46;49.97;4.000;207.1;19.20;
1-689;11.48;49.97;4.000;207.1;19.22;
1-690;11.49;49.97;4.100;207.1;19.25;
1-691;11.51;49.97;4.100;207.1;19.27;
1-692;11.53;49.97;4.100;207.1;19.29;
1-693;11.54;49.97;4.100;207.1;19.31;
1-694;11.56;49.97;4.100;207.2;19.33;
1-695;11.58;49.97;4.100;207.2;19.35;
1-696;11.59;49.97;4.100;207.2;19.37;
1-697;11.61;49.97;4.100;207.2;19.40;
1-698;11.63;49.97;4.200;207.2;19.42;
1-699;11.64;49.97;4.100;207.2;19.44;
1-700;11.66;49.97;4.100;207.2;19.46;
1-701;11.68;49.97;4.100;207.2;19.48;
1-702;11.69;49.97;4.100;207.2;19.50;
1-703;11.71;49.97;4.100;207.2;19.53;
1-704;11.73;49.97;4.100;207.2;19.55;
1-705;11.74;49.97;4.100;207.2;19.57;
1-706;11.76;49.97;4.100;207.2;19.59;
1-707;11.78;49.97;4.100;207.2;19.61;
1-708;11.79;49.97;4.100;207.2;19.63;
1-709;11.81;49.97;4.200;207.2;19.65;
1-710;11.83;49.97;4.200;207.3;19.68;
1-711;11.84;49.97;4.100;207.3;19.70;
1-712;11.86;49.97;4.200;207.3;19.72;
1-713;11.88;49.97;4.100;207.3;19.74;
1-714;11.89;49.97;4.100;207.3;19.76;
1-715;11.91;49.97;4.100;207.3;19.78;
1-716;11.93;49.97;4.200;207.3;19.81;
1-717;11.94;49.97;4.100;207.3;19.83;
1-718;11.96;49.97;4.100;207.3;19.85;
1-719;11.98;49.97;4.100;207.3;19.87;
1-720;11.99;49.97;4.100;207.3;19.89;
1-721;12.01;49.97;4.200;207.3;19.91;
1-722;12.03;49.97;4.200;207.3;19.94;
1-723;12.04;49.97;4.100;207.3;19.96;
1-724;12.06;49.97;4.100;207.4;19.98;
1-725;12.08;49.97;4.100;207.3;20.00;
1-726;12.09;49.97;4.100;207.4;20.02;
1-727;12.11;49.97;4.100;207.4;20.04;
1-728;12.13;49.97;4.100;207.4;20.06;
1-729;12.14;49.97;4.100;207.4;20.09;
1-730;12.16;49.97;4.100;207.4;20.11;
1-731;12.18;49.97;4.000;207.4;20.13;
1-732;12.19;49.97;4.100;207.4;20.15;
1-733;12.21;49.97;4.100;207.4;20.17;
1-734;12.23;49.97;4.200;207.4;20.19;
1-735;12.24;49.97;4.100;207.4;20.21;
1-736;12.26;49.97;4.100;207.4;20.24;
1-737;12.28;49.97;4.100;207.4;20.26;
1-738;12.29;49.97;4.100;207.4;20.28;
1-739;12.31;49.97;4.100;207.4;20.30;
1-740;12.33;49.97;4.100;207.4;20.32;
1-741;12.34;49.97;4.100;207.4;20.34;
1-742;12.36;49.97;4.100;207.4;20.36;
1-743;12.38;49.97;4.100;207.4;20.39;
1-744;12.39;49.97;4.100;207.4;20.41;
1-745;12.41;49.97;4.200;207.5;20.43;
1-746;12.43;49.97;4.200;207.5;20.45;
1-747;12.44;49.97;4.200;207.5;20.47;
1-748;12.46;49.97;4.200;207.5;20.50;
1-749;12.48;49.97;4.100;207.5;20.52;
1-750;12.49;49.97;4.100;207.5;20.54;
1-751;12.51;49.97;4.100;207.5;20.56;
1-752;12.53;49.97;4.200;207.5;20.58;
1-753;12.54;49.97;4.200;207.5;20.60;
1-754;12.56;49.97;4.200;207.5;20.63;
1-755;12.58;49.97;4.200;207.5;20.65;
1-756;12.59;49.97;4.200;207.5;20.67;
1-757;12.61;49.97;4.200;207.5;20.69;
1-758;12.63;49.97;4.200;207.5;20.71;
1-759;12.64;49.97;4.300;207.5;20.74;
1-760;12.66;49.97;4.200;207.6;20.76;
1-761;12.68;49.97;4.200;207.6;20.78;
1-762;12.69;49.97;4.200;207.6;20.80;
1-763;12.71;49.97;4.200;207.6;20.82;
1-764;12.73;49.97;4.200;207.6;20.85;
1-765;12.74;49.97;4.200;207.6;20.87;
1-766;12.76;49.97;4.200;207.6;20.89;
1-767;12.78;49.97;4.200;207.6;20.91;
1-768;12.79;49.97;4.200;207.6;20.93;
1-769;12.81;49.97;4.200;207.6;20.96;
1-770;12.83;49.97;4.300;207.6;20.98;
1-771;12.84;49.97;4.200;207.6;21.00;
1-772;12.86;49.97;4.200;207.6;21.02;
1-773;12.88;49.97;4.200;207.6;21.04;
1-774;12.89;49.97;4.200;207.6;21.07;
1-775;12.91;49.97;4.300;207.6;21.09;
1-776;12.93;49.97;4.300;207.6;21.11;
1-777;12.94;49.97;4.300;207.6;21.13;
1-778;12.96;49.97;4.200;207.6;21.16;
1-779;12.98;49.97;4.200;207.6;21.18;
1-780;12.99;49.97;4.200;207.6;21.20;
1-781;13.01;49.97;4.200;207.6;21.22;
1-782;13.03;49.97;4.200;207.6;21.24;
1-783;13.04;49.97;4.200;207.7;21.27;
1-784;13.06;49.97;4.200;207.7;21.29;
1-785;13.08;49.97;4.200;207.7;21.31;
1-786;13.09;49.97;4.200;207.7;21.33;
1-787;13.11;49.97;4.200;207.7;21.35;
1-788;13.13;49.97;4.300;207.7;21.38;
1-789;13.14;49.97;4.200;207.7;21.40;
1-790;13.16;49.97;4.300;207.7;21.42;
1-791;13.18;49.97;4.200;207.7;21.44;
1-792;13.19;49.97;4.200;207.7;21.46;
1-793;13.21;49.97;4.200;207.7;21.49;
1-794;13.23;49.97;4.200;207.7;21.51;
1-795;13.24;49.97;4.200;207.7;21.53;
1-796;13.26;49.97;4.200;207.7;21.55;
1-797;13.28;49.97;4.200;207.7;21.57;
1-798;13.29;49.97;4.200;207.8;21.60;
1-799;13.31;49.97;4.200;207.8;21.62;
1-800;13.33;49.97;4.200;207.8;21.64;
1-801;13.34;49.97;4.200;207.8;21.66;
1-802;13.36;49.97;4.300;207.8;21.68;
1-803;13.38;49.97;4.200;207.8;21.71;
1-804;13.39;49.97;4.200;207.8;21.73;
1-805;13.41;49.97;4.300;207.8;21.75;
1-806;13.43;49.97;4.300;207.8;21.77;
1-807;13.44;49.97;4.300;207.8;21.80;
1-808;13.46;49.97;4.300;207.8;21.82;
1-809;13.48;49.97;4.300;207.8;21.84;
1-810;13.49;49.97;4.200;207.8;21.86;
1-811;13.51;49.97;4.300;207.8;21.89;
1-812;13.53;49.97;4.300;207.8;21.91;
1-813;13.54;49.97;4.300;207.8;21.93;
1-814;13.56;49.97;4.300;207.8;21.95;
1-815;13.58;49.97;4.300;207.8;21.98;
1-816;13.59;49.97;4.300;207.8;22.00;
1-817;13.61;49.97;4.400;207.8;22.02;
1-818;13.63;49.97;4.400;207.8;22.04;
1-819;13.64;49.97;4.400;207.8;22.07;
1-820;13.66;49.97;4.400;207.8;22.09;
1-821;13.68;49.97;4.300;207.8;22.11;
1-822;13.69;49.97;4.300;207.8;22.14;
1-823;13.71;49.97;4.300;207.8;22.16;
1-824;13.73;49.97;4.400;207.9;22.18;
1-825;13.74;49.97;4.300;207.9;22.20;
1-826;13.76;49.97;4.400;207.9;22.23;
1-827;13.78;49.97;4.300;207.9;22.25;
1-828;13.79;49.97;4.300;207.9;22.27;
1-829;13.81;49.97;4.300;207.9;22.29;
1-830;13.83;49.97;4.400;207.9;22.32;
1-831;13.84;49.97;4.400;207.9;22.34;
1-832;13.86;49.97;4.400;207.9;22.36;
1-833;13.88;49.97;4.400;207.9;22.39;
1-834;13.89;49.97;4.300;207.9;22.41;
1-835;13.91;49.97;4.400;207.9;22.43;
1-836;13.93;49.97;4.400;207.9;22.45;
1-837;13.94;49.97;4.400;207.9;22.48;
1-838;13.96;49.97;4.400;207.9;22.50;
1-839;13.98;49.97;4.400;207.9;22.52;
1-840;13.99;49.97;4.400;207.9;22.55;
1-841;14.01;49.97;4.400;207.9;22.57;
1-842;14.03;49.97;4.400;207.9;22.59;
1-843;14.04;49.97;4.400;207.9;22.62;
1-844;14.06;49.97;4.400;208.0;22.64;
1-845;14.08;49.97;4.400;208.0;22.66;
1-846;14.09;49.97;4.300;208.0;22.68;
1-847;14.11;49.97;4.400;208.0;22.71;
1-848;14.13;49.97;4.400;208.0;22.73;
1-849;14.14;49.97;4.500;208.0;22.75;
1-850;14.16;49.97;4.400;208.0;22.78;
1-851;14.18;49.97;4.400;208.0;22.80;
1-852;14.19;49.97;4.400;208.0;22.82;
1-853;14.21;49.97;4.400;208.0;22.85;
1-854;14.23;49.97;4.500;208.0;22.87;
1-855;14.24;49.97;4.400;208.0;22.89;
1-856;14.26;49.97;4.400;208.0;22.92;
1-857;14.28;49.97;4.400;208.0;22.94;
1-858;14.29;49.97;4.400;208.0;22.96;
1-859;14.31;49.97;4.400;208.0;22.98;
1-860;14.33;49.97;4.500;208.0;23.01;
1-861;14.34;49.97;4.500;208.0;23.03;
1-862;14.36;49.97;4.500;208.0;23.05;
1-863;14.38;49.97;4.500;208.0;23.08;
1-864;14.39;49.97;4.400;208.0;23.10;
1-865;14.41;49.97;4.500;208.0;23.13;
1-866;14.43;49.97;4.500;208.1;23.15;
1-867;14.44;49.97;4.500;208.1;23.17;
1-868;14.46;49.97;4.500;208.1;23.20;
1-869;14.48;49.97;4.500;208.1;23.22;
1-870;14.49;49.97;4.400;208.1;23.24;
1-871;14.51;49.97;4.500;208.1;23.27;
1-872;14.53;49.97;4.500;208.1;23.29;
1-873;14.54;49.97;4.500;208.1;23.31;
1-874;14.56;49.97;4.500;208.1;23.34;
1-875;14.58;49.97;4.500;208.1;23.36;
1-876;14.59;49.97;4.400;208.1;23.38;
1-877;14.61;49.97;4.500;208.1;23.41;
1-878;14.63;49.97;4.500;208.1;23.43;
1-879;14.64;49.97;4.500;208.1;23.45;
1-880;14.66;49.97;4.600;208.1;23.48;
1-881;14.68;49.97;4.500;208.1;23.50;
1-882;14.69;49.97;4.500;208.1;23.52;
1-883;14.71;49.97;4.500;208.1;23.55;
1-884;14.73;49.97;4.500;208.2;23.57;
1-885;14.74;49.97;4.600;208.2;23.60;
1-886;14.76;49.97;4.600;208.2;23.62;
1-887;14.78;49.97;4.600;208.2;23.64;
1-888;14.79;49.97;4.600;208.2;23.67;
1-889;14.81;49.97;4.600;208.2;23.69;
1-890;14.83;49.97;4.600;208.2;23.72;
1-891;14.84;49.97;4.600;208.2;23.74;
1-892;14.86;49.97;4.600;208.2;23.76;
1-893;14.88;49.97;4.600;208.2;23.79;
1-894;14.89;49.97;4.600;208.2;23.81;
1-895;14.91;49.97;4.600;208.2;23.84;
1-896;14.93;49.97;4.600;208.2;23.86;
1-897;14.94;49.97;4.600;208.2;23.88;
1-898;14.96;49.97;4.600;208.2;23.91;
1-899;14.98;49.97;4.600;208.2;23.93;
1-900;14.99;49.97;4.500;208.2;23.96;
1-901;15.01;49.97;4.600;208.2;23.98;
1-902;15.03;49.97;4.600;208.2;24.00;
1-903;15.04;49.97;4.700;208.2;24.03;
1-904;15.06;49.97;4.600;208.2;24.05;
1-905;15.08;49.97;4.700;208.2;24.08;
1-906;15.09;49.97;4.700;208.2;24.10;
1-907;15.11;49.97;4.600;208.2;24.13;
1-908;15.13;49.97;4.700;208.3;24.15;
1-909;15.14;49.97;4.700;208.3;24.18;
1-910;15.16;49.97;4.700;208.3;24.20;
1-911;15.18;49.97;4.600;208.3;24.22;
1-912;15.19;49.97;4.700;208.3;24.25;
1-913;15.21;49.97;4.600;208.3;24.27;
1-914;15.23;49.97;4.700;208.3;24.30;
1-915;15.24;49.97;4.600;208.3;24.32;
1-916;15.26;49.97;4.700;208.3;24.35;
1-917;15.28;49.97;4.700;208.3;24.37;
1-918;15.29;49.97;4.700;208.3;24.40;
1-919;15.31;49.97;4.700;208.3;24.42;
1-920;15.33;49.97;4.700;208.3;24.44;
1-921;15.34;49.97;4.800;208.3;24.47;
1-922;15.36;49.97;4.700;208.3;24.49;
1-923;15.38;49.97;4.700;208.3;24.52;
1-924;15.39;49.97;4.700;208.3;24.54;
1-925;15.41;49.97;4.600;208.3;24.57;
1-926;15.43;49.97;4.700;208.3;24.59;
1-927;15.44;49.97;4.700;208.3;24.62;
1-928;15.46;49.97;4.800;208.3;24.64;
1-929;15.48;49.97;4.700;208.3;24.67;
1-930;15.49;49.97;4.700;208.3;24.69;
1-931;15.51;49.97;4.700;208.3;24.72;
1-932;15.53;49.97;4.900;208.4;24.74;
1-933;15.54;49.97;4.800;208.4;24.77;
1-934;15.56;49.97;4.800;208.4;24.79;
1-935;15.58;49.97;4.900;208.4;24.82;
1-936;15.59;49.97;4.800;208.4;24.84;
1-937;15.61;49.97;4.800;208.4;24.87;
1-938;15.63;49.97;4.800;208.4;24.89;
1-939;15.64;49.97;4.900;208.4;24.92;
1-940;15.66;49.97;4.800;208.4;24.94;
1-941;15.68;49.97;4.800;208.4;24.97;
1-942;15.69;49.97;4.800;208.4;24.99;
1-943;15.71;49.97;4.700;208.4;25.02;
1-944;15.73;49.97;4.700;208.4;25.04;
1-945;15.74;49.97;4.700;208.4;25.07;
1-946;15.76;49.97;4.700;208.4;25.09;
1-947;15.78;49.97;4.500;208.4;25.12;
1-948;15.79;49.97;4.600;208.4;25.14;
1-949;15.81;49.97;4.500;208.4;25.16;
1-950;15.83;49.97;4.600;208.4;25.19;
1-951;15.84;49.97;4.600;208.4;25.21;
1-952;15.86;49.97;4.700;208.4;25.24;
1-953;15.88;49.97;4.700;208.4;25.26;
1-954;15.89;49.97;4.700;208.4;25.28;
1-955;15.91;49.97;4.700;208.4;25.31;
1-956;15.93;49.97;4.700;208.5;25.33;
1-957;15.94;49.97;4.800;208.4;25.36;
1-958;15.96;49.97;4.700;208.4;25.38;
1-959;15.98;49.97;4.800;208.4;25.41;
1-960;15.99;49.97;4.800;208.5;25.43;
1-961;16.01;49.97;4.700;208.5;25.46;
1-962;16.03;49.97;4.700;208.5;25.48;
1-963;16.04;49.97;4.700;208.5;25.51;
1-964;16.06;49.97;4.800;208.5;25.53;
1-965;16.08;49.97;4.700;208.5;25.56;
1-966;16.09;49.97;4.800;208.5;25.58;
1-967;16.11;49.97;4.800;208.5;25.61;
1-968;16.13;49.97;4.800;208.5;25.63;
1-969;16.14;49.97;4.800;208.5;25.66;
1-970;16.16;49.97;4.900;208.5;25.68;
1-971;16.18;49.97;4.900;208.5;25.71;
1-972;16.19;49.97;4.900;208.5;25.73;
1-973;16.21;49.97;4.900;208.5;25.76;
1-974;16.23;49.97;4.900;208.5;25.79;
1-975;16.24;49.97;4.900;208.5;25.81;
1-976;16.26;49.97;4.900;208.5;25.84;
1-977;16.28;49.97;4.900;208.5;25.86;
1-978;16.29;49.97;4.900;208.5;25.89;
1-979;16.31;49.97;4.800;208.5;25.91;
1-980;16.33;49.97;4.900;208.5;25.94;
1-981;16.34;49.97;4.900;208.5;25.96;
1-982;16.36;49.97;4.900;208.5;25.99;
1-983;16.38;49.97;4.900;208.5;26.02;
1-984;16.39;49.97;4.900;208.5;26.04;
1-985;16.41;49.97;4.900;208.5;26.07;
1-986;16.43;49.97;4.900;208.5;26.09;
1-987;16.44;49.97;5.000;208.5;26.12;
1-988;16.46;49.97;4.900;208.6;26.14;
1-989;16.48;49.97;4.900;208.6;26.17;
1-990;16.49;49.97;4.900;208.6;26.20;
1-991;16.51;49.97;4.900;208.6;26.22;
1-992;16.53;49.97;5.000;208.6;26.25;
1-993;16.54;49.97;5.000;208.6;26.27;
1-994;16.56;49.97;5.000;208.6;26.30;
1-995;16.58;49.97;5.000;208.6;26.33;
1-996;16.59;49.97;5.100;208.6;26.35;
1-997;16.61;49.97;5.000;208.6;26.38;
1-998;16.63;49.97;5.000;208.6;26.40;
1-999;16.64;49.97;5.000;208.6;26.43;
1-1000;16.66;49.97;5.100;208.6;26.46;
1-1001;16.68;49.97;5.000;208.6;26.48;
1-1002;16.69;49.97;5.100;208.6;26.51;
1-1003;16.71;49.97;5.100;208.6;26.54;
1-1004;16.73;49.97;5.100;208.6;26.56;
1-1005;16.74;49.97;5.100;208.6;26.59;
1-1006;16.76;49.97;5.100;208.6;26.62;
1-1007;16.78;49.97;5.100;208.6;26.64;
1-1008;16.79;49.97;5.000;208.6;26.67;
1-1009;16.81;49.97;5.000;208.6;26.70;
1-1010;16.83;49.97;5.000;208.6;26.72;
1-1011;16.84;49.97;5.100;208.7;26.75;
1-1012;16.86;49.97;5.000;208.7;26.78;
1-1013;16.88;49.97;5.000;208.7;26.80;
1-1014;16.89;49.97;5.100;208.7;26.83;
1-1015;16.91;49.97;5.000;208.7;26.85;
1-1016;16.93;49.97;5.000;208.7;26.88;
1-1017;16.94;49.97;5.000;208.7;26.91;
1-1018;16.96;49.97;5.100;208.7;26.93;
1-1019;16.98;49.97;5.000;208.7;26.96;
1-1020;16.99;49.97;5.100;208.7;26.99;
1-1021;17.01;49.97;5.100;208.7;27.01;
1-1022;17.03;49.97;5.100;208.7;27.04;
1-1023;17.04;49.97;5.200;208.7;27.07;
1-1024;17.06;49.97;5.100;208.7;27.09;
1-1025;17.08;49.97;5.200;208.7;27.12;
1-1026;17.09;49.97;5.100;208.7;27.15;
1-1027;17.11;49.97;5.100;208.7;27.17;
1-1028;17.13;49.97;5.100;208.8;27.20;
1-1029;17.14;49.97;5.200;208.8;27.23;
1-1030;17.16;49.97;5.200;208.8;27.25;
1-1031;17.18;49.97;5.100;208.8;27.28;
1-1032;17.19;49.97;5.200;208.8;27.31;
1-1033;17.21;49.97;5.100;208.8;27.34;
1-1034;17.23;49.97;5.100;208.8;27.36;
1-1035;17.24;49.97;5.200;208.8;27.39;
1-1036;17.26;49.97;5.300;208.8;27.42;
1-1037;17.28;49.97;5.200;208.8;27.44;
1-1038;17.29;49.97;5.100;208.8;27.47;
1-1039;17.31;49.97;5.200;208.8;27.50;
1-1040;17.33;49.97;5.100;208.8;27.53;
1-1041;17.34;49.97;5.200;208.8;27.55;
1-1042;17.36;49.97;5.200;208.8;27.58;
1-1043;17.38;49.97;5.300;208.8;27.61;
1-1044;17.39;49.97;5.100;208.8;27.63;
1-1045;17.41;49.97;5.200;208.8;27.66;
1-1046;17.43;49.97;5.100;208.8;27.69;
1-1047;17.44;49.97;5.200;208.8;27.71;
1-1048;17.46;49.97;5.200;208.9;27.74;
1-1049;17.48;49.97;5.300;208.9;27.77;
1-1050;17.49;49.97;5.300;208.9;27.80;
1-1051;17.51;49.97;5.300;208.9;27.83;
1-1052;17.53;49.97;5.200;208.9;27.85;
1-1053;17.54;49.97;5.200;208.9;27.88;
1-1054;17.56;49.97;5.200;208.9;27.91;
1-1055;17.58;49.97;5.200;208.9;27.93;
1-1056;17.59;49.97;5.200;208.9;27.96;
1-1057;17.61;49.97;5.300;208.9;27.99;
1-1058;17.63;49.97;5.200;208.9;28.02;
1-1059;17.64;49.97;5.200;208.9;28.04;
1-1060;17.66;49.97;5.200;208.9;28.07;
1-1061;17.68;49.97;5.300;208.9;28.10;
1-1062;17.69;49.97;5.200;208.9;28.13;
1-1063;17.71;49.97;5.200;208.9;28.15;
1-1064;17.73;49.97;5.200;208.9;28.18;
1-1065;17.74;49.97;5.200;208.9;28.21;
1-1066;17.76;49.97;5.200;208.9;28.23;
1-1067;17.78;49.97;5.200;209.0;28.26;
1-1068;17.79;49.97;5.300;209.0;28.29;
1-1069;17.81;49.97;5.300;209.0;28.32;
1-1070;17.83;49.97;5.200;209.0;28.34;
1-1071;17.84;49.97;5.300;209.0;28.37;
1-1072;17.86;49.97;5.400;209.0;28.40;
1-1073;17.88;49.97;5.500;209.0;28.43;
1-1074;17.89;49.97;5.500;209.0;28.46;
1-1075;17.91;49.97;5.600;209.0;28.49;
1-1076;17.93;49.97;5.300;209.0;28.51;
1-1077;17.94;49.97;5.400;209.0;28.54;
1-1078;17.96;49.97;5.400;209.0;28.57;
1-1079;17.98;49.97;5.400;209.0;28.60;
1-1080;17.99;49.97;5.400;209.0;28.63;
1-1081;18.01;49.97;5.300;209.0;28.66;
1-1082;18.03;49.97;5.400;209.0;28.68;
1-1083;18.04;49.97;5.400;209.0;28.71;
1-1084;18.06;49.97;5.400;209.0;28.74;
1-1085;18.08;49.97;5.400;209.0;28.77;
1-1086;18.09;49.97;5.500;209.0;28.80;
1-1087;18.11;49.97;5.400;209.1;28.83;
1-1088;18.13;49.97;5.400;209.1;28.85;
1-1089;18.14;49.97;5.400;209.1;28.88;
1-1090;18.16;49.97;5.400;209.1;28.91;
1-1091;18.18;49.97;5.400;209.1;28.94;
1-1092;18.19;49.97;5.300;209.1;28.97;
1-1093;18.21;49.97;5.500;209.1;28.99;
1-1094;18.23;49.97;5.300;209.1;29.02;
1-1095;18.24;49.97;5.400;209.1;29.05;
1-1096;18.26;49.97;5.400;209.1;29.08;
1-1097;18.28;49.97;5.500;209.1;29.11;
1-1098;18.29;49.97;5.400;209.1;29.14;
1-1099;18.31;49.97;5.500;209.2;29.16;
1-1100;18.33;49.97;5.500;209.2;29.19;
1-1101;18.34;49.97;5.400;209.2;29.22;
1-1102;18.36;49.97;5.500;209.2;29.25;
1-1103;18.38;49.97;5.500;209.2;29.28;
1-1104;18.39;49.97;5.600;209.2;29.31;
1-1105;18.41;49.97;5.500;209.2;29.34;
1-1106;18.43;49.97;5.400;209.2;29.37;
1-1107;18.44;49.97;5.500;209.2;29.39;
1-1108;18.46;49.97;5.600;209.2;29.42;
1-1109;18.48;49.97;5.500;209.2;29.45;
1-1110;18.49;49.97;5.500;209.2;29.48;
1-1111;18.51;49.97;5.600;209.2;29.51;
1-1112;18.53;49.97;5.500;209.2;29.54;
1-1113;18.54;49.97;5.500;209.2;29.57;
1-1114;18.56;49.97;5.500;209.2;29.60;
1-1115;18.58;49.97;5.600;209.2;29.63;
1-1116;18.59;49.97;5.600;209.2;29.66;
1-1117;18.61;49.97;5.600;209.2;29.68;
1-1118;18.63;49.97;5.600;209.2;29.71;
1-1119;18.64;49.97;5.600;209.2;29.74;
1-1120;18.66;49.97;5.600;209.2;29.77;
1-1121;18.68;49.97;5.600;209.2;29.80;
1-1122;18.69;49.97;5.700;209.2;29.83;
1-1123;18.71;49.97;5.600;209.3;29.86;
1-1124;18.73;49.97;5.600;209.3;29.89;
1-1125;18.74;49.97;5.600;209.3;29.92;
1-1126;18.76;49.97;5.600;209.3;29.95;
1-1127;18.78;49.97;5.600;209.3;29.98;
1-1128;18.79;49.97;5.600;209.3;30.01;
1-1129;18.81;49.97;5.700;209.3;30.04;
1-1130;18.83;49.97;5.600;209.3;30.07;
1-1131;18.84;49.97;5.600;209.3;30.10;
1-1132;18.86;49.97;5.700;209.3;30.13;
1-1133;18.88;49.97;5.700;209.3;30.16;
1-1134;18.89;49.97;5.700;209.3;30.19;
1-1135;18.91;49.97;5.700;209.3;30.22;
1-1136;18.93;49.97;5.700;209.3;30.25;
1-1137;18.94;49.97;5.600;209.3;30.27;
1-1138;18.96;49.97;5.600;209.3;30.30;
1-1139;18.98;49.97;5.600;209.4;30.33;
1-1140;18.99;49.97;5.700;209.4;30.36;
1-1141;19.01;49.97;5.700;209.4;30.39;
1-1142;19.03;49.97;5.700;209.4;30.42;
1-1143;19.04;49.97;5.700;209.4;30.45;
1-1144;19.06;49.97;5.700;209.4;30.48;
1-1145;19.08;49.97;5.700;209.4;30.51;
1-1146;19.09;49.97;5.600;209.4;30.54;
1-1147;19.11;49.97;5.700;209.4;30.57;
1-1148;19.13;49.97;5.700;209.4;30.60;
1-1149;19.14;49.97;5.700;209.4;30.63;
1-1150;19.16;49.97;5.800;209.4;30.66;
1-1151;19.18;49.97;5.800;209.4;30.69;
1-1152;19.19;49.97;5.800;209.4;30.72;
1-1153;19.21;49.97;5.700;209.4;30.75;
1-1154;19.23;49.97;5.800;209.4;30.78;
1-1155;19.24;49.97;5.700;209.4;30.81;
1-1156;19.26;49.97;5.700;209.4;30.84;
1-1157;19.28;49.97;5.700;209.4;30.87;
1-1158;19.29;49.97;5.800;209.4;30.90;
1-1159;19.31;49.97;5.800;209.5;30.93;
1-1160;19.33;49.97;5.800;209.5;30.96;
1-1161;19.34;49.97;5.800;209.5;30.99;
1-1162;19.36;49.97;5.900;209.5;31.02;
1-1163;19.38;49.97;5.900;209.5;31.05;
1-1164;19.39;49.97;5.900;209.5;31.09;
1-1165;19.41;49.97;6.000;209.5;31.12;
1-1166;19.43;49.97;5.900;209.5;31.15;
1-1167;19.44;49.97;5.900;209.5;31.18;
1-1168;19.46;49.97;5.900;209.5;31.21;
1-1169;19.48;49.97;5.900;209.5;31.24;
1-1170;19.49;49.97;5.900;209.5;31.27;
1-1171;19.51;49.97;5.800;209.5;31.30;
1-1172;19.53;49.97;6.000;209.5;31.33;
1-1173;19.54;49.97;5.900;209.5;31.36;
1-1174;19.56;49.97;6.000;209.5;31.39;
1-1175;19.58;49.97;5.900;209.5;31.43;
1-1176;19.59;49.97;6.100;209.6;31.46;
1-1177;19.61;49.97;6.000;209.6;31.49;
1-1178;19.63;49.97;5.900;209.6;31.52;
1-1179;19.64;49.97;6.000;209.6;31.55;
1-1180;19.66;49.97;5.900;209.6;31.58;
1-1181;19.68;49.97;6.000;209.6;31.61;
1-1182;19.69;49.97;6.000;209.6;31.65;
1-1183;19.71;49.97;6.100;209.6;31.68;
1-1184;19.73;49.97;6.100;209.6;31.71;
1-1185;19.74;49.97;5.900;209.6;31.74;
1-1186;19.76;49.97;6.000;209.6;31.77;
1-1187;19.78;49.97;6.100;209.6;31.80;
1-1188;19.79;49.97;6.100;209.6;31.83;
1-1189;19.81;49.97;6.000;209.6;31.87;
1-1190;19.83;49.97;6.100;209.6;31.90;
1-1191;19.84;49.97;6.100;209.6;31.93;
1-1192;19.86;49.97;6.000;209.6;31.96;
1-1193;19.88;49.97;6.100;209.7;31.99;
1-1194;19.89;49.97;6.100;209.7;32.03;
1-1195;19.91;49.97;6.100;209.7;32.06;
1-1196;19.93;49.97;6.100;209.7;32.09;
1-1197;19.94;49.97;6.100;209.7;32.12;
1-1198;19.96;49.97;6.100;209.7;32.15;
1-1199;19.98;49.97;6.200;209.7;32.19;
1-1200;19.99;49.97;6.200;209.7;32.22;
1-1201;20.01;49.97;6.100;209.7;32.25;
1-1202;20.03;49.97;6.100;209.7;32.28;
1-1203;20.04;49.97;6.100;209.7;32.31;
1-1204;20.06;49.97;6.100;209.7;32.35;
1-1205;20.08;49.97;6.300;209.7;32.38;
1-1206;20.09;49.97;6.200;209.7;32.41;
1-1207;20.11;49.97;6.200;209.7;32.44;
1-1208;20.13;49.97;6.300;209.7;32.48;
1-1209;20.14;49.97;6.200;209.8;32.51;
1-1210;20.16;49.97;6.200;209.8;32.54;
1-1211;20.18;49.97;6.200;209.8;32.57;
1-1212;20.19;49.97;6.300;209.8;32.61;
1-1213;20.21;49.97;6.300;209.8;32.64;
1-1214;20.23;49.97;6.300;209.8;32.67;
1-1215;20.24;49.97;6.300;209.8;32.71;
1-1216;20.26;49.97;6.300;209.8;32.74;
1-1217;20.28;49.97;6.400;209.8;32.77;
1-1218;20.29;49.97;6.300;209.8;32.80;
1-1219;20.31;49.97;6.400;209.8;32.84;
1-1220;20.33;49.97;6.400;209.8;32.87;
1-1221;20.34;49.97;6.300;209.8;32.90;
1-1222;20.36;49.97;6.300;209.8;32.94;
1-1223;20.38;49.97;6.500;209.8;32.97;
1-1224;20.39;49.97;6.400;209.8;33.00;
1-1225;20.41;49.97;6.300;209.8;33.04;
1-1226;20.43;49.97;6.400;209.8;33.07;
1-1227;20.44;49.97;6.400;209.8;33.10;
1-1228;20.46;49.97;6.300;209.8;33.14;
1-1229;20.48;49.97;6.400;209.8;33.17;
1-1230;20.49;49.97;6.500;209.8;33.20;
1-1231;20.51;49.97;6.500;209.9;33.24;
1-1232;20.53;49.97;6.500;209.9;33.27;
1-1233;20.54;49.97;6.500;209.9;33.31;
1-1234;20.56;49.97;6.500;209.9;33.34;
1-1235;20.58;49.97;6.500;209.9;33.37;
1-1236;20.59;49.97;6.500;209.9;33.41;
1-1237;20.61;49.97;6.600;209.9;33.44;
1-1238;20.63;49.97;6.500;209.9;33.48;
1-1239;20.64;49.97;6.500;209.9;33.51;
1-1240;20.66;49.97;6.500;209.9;33.55;
1-1241;20.68;49.97;6.700;209.9;33.58;
1-1242;20.69;49.97;6.700;209.9;33.62;
1-1243;20.71;49.97;6.600;209.9;33.65;
1-1244;20.73;49.97;6.700;209.9;33.68;
1-1245;20.74;49.97;6.700;210.0;33.72;
1-1246;20.76;49.97;6.600;210.0;33.75;
1-1247;20.78;49.97;6.700;210.0;33.79;
1-1248;20.79;49.97;6.800;210.0;33.82;
1-1249;20.81;49.97;6.700;210.0;33.86;
1-1250;20.83;49.97;6.700;210.0;33.90;
1-1251;20.84;49.97;6.800;210.0;33.93;
1-1252;20.86;49.97;6.700;210.0;33.97;
1-1253;20.88;49.97;6.800;210.0;34.00;
1-1254;20.89;49.97;6.800;210.0;34.04;
1-1255;20.91;49.97;6.900;210.0;34.07;
1-1256;20.93;49.97;6.800;210.0;34.11;
1-1257;20.94;49.97;6.900;210.1;34.14;
1-1258;20.96;49.97;6.900;210.1;34.18;
1-1259;20.98;49.97;7.000;210.1;34.22;
1-1260;20.99;49.97;6.900;210.1;34.25;
1-1261;21.01;49.97;6.900;210.1;34.29;
1-1262;21.03;49.97;6.900;210.1;34.33;
1-1263;21.04;49.97;6.900;210.1;34.36;
1-1264;21.06;49.97;6.900;210.1;34.40;
1-1265;21.08;49.97;6.900;210.2;34.43;
1-1266;21.09;49.97;7.100;210.2;34.47;
1-1267;21.11;49.97;7.000;210.2;34.51;
1-1268;21.13;49.97;7.000;210.2;34.54;
1-1269;21.14;49.97;7.100;210.2;34.58;
1-1270;21.16;49.97;7.000;210.2;34.62;
1-1271;21.18;49.97;7.100;210.2;34.65;
1-1272;21.19;49.97;7.000;210.2;34.69;
1-1273;21.21;49.97;7.200;210.3;34.73;
1-1274;21.23;49.97;7.100;210.3;34.77;
1-1275;21.24;49.97;7.200;210.3;34.80;
1-1276;21.26;49.97;7.100;210.3;34.84;
1-1277;21.28;49.97;7.300;210.3;34.88;
1-1278;21.29;49.97;7.200;210.3;34.92;
1-1279;21.31;49.97;7.200;210.3;34.95;
1-1280;21.33;49.97;7.200;210.4;34.99;
1-1281;21.34;49.97;7.200;210.4;35.03;
1-1282;21.36;49.97;7.200;210.4;35.07;
1-1283;21.38;49.97;7.200;210.4;35.10;
1-1284;21.39;49.97;7.400;210.4;35.14;
1-1285;21.41;49.97;7.400;210.4;35.18;
1-1286;21.43;49.97;7.300;210.4;35.22;
1-1287;21.44;49.97;7.400;210.4;35.26;
1-1288;21.46;49.97;7.300;210.4;35.30;
1-1289;21.48;49.97;7.500;210.5;35.34;
1-1290;21.49;49.97;7.400;210.5;35.37;
1-1291;21.51;49.97;7.600;210.5;35.41;
1-1292;21.53;49.97;7.400;210.5;35.45;
1-1293;21.54;49.97;7.600;210.5;35.49;
1-1294;21.56;49.97;7.600;210.6;35.53;
1-1295;21.58;49.97;7.600;210.6;35.57;
1-1296;21.59;49.97;7.600;210.6;35.61;
1-1297;21.61;49.97;7.600;210.6;35.65;
1-1298;21.63;49.97;7.700;210.6;35.69;
1-1299;21.64;49.97;7.700;210.6;35.73;
1-1300;21.66;49.97;7.700;210.6;35.77;
1-1301;21.68;49.97;7.700;210.6;35.81;
1-1302;21.69;49.97;7.900;210.6;35.85;
1-1303;21.71;49.97;7.800;210.7;35.89;
1-1304;21.73;49.97;7.700;210.7;35.93;
1-1305;21.74;49.97;8.000;210.7;35.98;
1-1306;21.76;49.97;7.800;210.7;36.02;
1-1307;21.78;49.97;8.000;210.7;36.06;
1-1308;21.79;49.97;7.900;210.8;36.10;
1-1309;21.81;49.97;8.300;210.8;36.14;
1-1310;21.83;49.97;8.000;210.8;36.19;
1-1311;21.84;49.97;8.200;210.8;36.23;
1-1312;21.86;49.97;8.200;210.8;36.27;
1-1313;21.88;49.97;8.300;210.8;36.31;
1-1314;21.89;49.97;8.300;210.9;36.36;
1-1315;21.91;49.97;8.300;210.9;36.40;
1-1316;21.93;49.97;8.400;210.9;36.44;
1-1317;21.94;49.97;8.500;210.9;36.49;
1-1318;21.96;49.97;8.400;210.9;36.53;
1-1319;21.98;49.97;8.500;211.0;36.58;
1-1320;21.99;49.97;8.600;211.0;36.62;
1-1321;22.01;49.97;8.700;211.0;36.67;
1-1322;22.03;49.97;8.500;211.0;36.71;
1-1323;22.04;49.97;8.800;211.0;36.76;
1-1324;22.06;49.97;8.600;211.0;36.80;
1-1325;22.08;49.97;8.800;211.1;36.85;
1-1326;22.09;49.97;8.800;211.1;36.89;
1-1327;22.11;49.97;9.100;211.1;36.94;
1-1328;22.13;49.97;8.800;211.2;36.99;
1-1329;22.14;49.97;9.000;211.2;37.03;
1-1330;22.16;49.97;9.100;211.2;37.08;
1-1331;22.18;49.97;9.200;211.2;37.13;
1-1332;22.19;49.97;9.300;211.3;37.18;
1-1333;22.21;49.97;9.200;211.3;37.23;
1-1334;22.23;49.97;9.300;211.3;37.28;
1-1335;22.24;49.97;9.400;211.4;37.32;
1-1336;22.26;49.97;9.500;211.4;37.37;
1-1337;22.28;49.97;9.500;211.4;37.42;
1-1338;22.29;49.97;9.700;211.4;37.47;
1-1339;22.31;49.97;9.700;211.5;37.52;
1-1340;22.33;49.97;9.500;211.5;37.57;
1-1341;22.34;49.97;9.900;211.6;37.63;
1-1342;22.36;49.97;9.700;211.6;37.68;
1-1343;22.38;49.97;9.900;211.6;37.73;
1-1344;22.39;49.97;9.900;211.6;37.78;
1-1345;22.41;49.97;10.20;211.6;37.83;
1-1346;22.43;49.97;10.00;211.7;37.89;
1-1347;22.44;49.97;10.20;211.7;37.94;
1-1348;22.46;49.97;10.10;211.7;37.99;
1-1349;22.48;49.97;10.20;211.8;38.04;
1-1350;22.49;49.97;10.40;211.8;38.10;
1-1351;22.51;49.97;10.30;211.8;38.15;
1-1352;22.53;49.97;10.50;211.9;38.21;
1-1353;22.54;49.97;10.60;211.9;38.26;
1-1354;22.56;49.97;10.80;212.0;38.32;
1-1355;22.58;49.97;10.70;212.0;38.37;
1-1356;22.59;49.97;10.80;212.1;38.43;
1-1357;22.61;49.97;11.10;212.1;38.49;
1-1358;22.63;49.97;10.90;212.2;38.55;
1-1359;22.64;49.97;11.40;212.2;38.60;
1-1360;22.66;49.97;11.10;212.3;38.66;
1-1361;22.68;49.97;11.30;212.3;38.72;
1-1362;22.69;49.97;11.50;212.3;38.78;
1-1363;22.71;49.97;11.70;212.4;38.84;
1-1364;22.73;49.97;11.70;212.4;38.90;
1-1365;22.74;49.97;11.70;212.5;38.96;
1-1366;22.76;49.97;12.00;212.6;39.03;
1-1367;22.78;49.97;11.80;212.6;39.09;
1-1368;22.79;49.97;12.30;212.7;39.15;
1-1369;22.81;49.97;11.90;212.8;39.21;
1-1370;22.83;49.97;12.40;212.8;39.28;
1-1371;22.84;49.97;11.90;212.9;39.34;
1-1372;22.86;49.97;12.30;213.0;39.41;
1-1373;22.88;49.97;12.20;213.0;39.47;
1-1374;22.89;49.97;12.50;213.0;39.53;
1-1375;22.91;49.97;12.70;213.1;39.60;
1-1376;22.93;49.97;12.40;213.2;39.67;
1-1377;22.94;49.97;12.70;213.2;39.73;
1-1378;22.96;49.97;12.70;213.2;39.80;
1-1379;22.98;49.97;12.60;213.3;39.86;
1-1380;22.99;49.97;12.90;213.3;39.93;
1-1381;23.01;49.97;13.40;213.4;40.00;
1-1382;23.03;49.97;13.10;213.4;40.07;
1-1383;23.04;49.97;13.00;213.5;40.14;
1-1384;23.06;49.97;13.50;213.6;40.21;
1-1385;23.08;49.97;13.20;213.6;40.28;
1-1386;23.09;49.97;13.30;213.7;40.35;
1-1387;23.11;49.97;13.30;213.8;40.42;
1-1388;23.13;49.97;13.70;213.8;40.49;
1-1389;23.14;49.97;13.40;213.9;40.56;
1-1390;23.16;49.97;13.70;214.0;40.63;
1-1391;23.18;49.97;13.50;214.0;40.70;
1-1392;23.19;49.97;13.80;214.1;40.77;
1-1393;23.21;49.97;14.00;214.2;40.84;
1-1394;23.23;49.97;13.80;214.3;40.92;
1-1395;23.24;49.97;14.10;214.4;40.99;
1-1396;23.26;49.97;13.80;214.4;41.06;
1-1397;23.28;49.97;13.80;214.5;41.13;
1-1398;23.30;49.97;13.90;214.5;41.21;
1-1399;23.31;49.97;14.20;214.6;41.28;
1-1400;23.33;49.97;13.60;214.6;41.35;
1-1401;23.35;49.97;13.70;214.7;41.43;
1-1402;23.36;49.97;14.00;214.7;41.50;
1-1403;23.38;49.97;14.00;214.7;41.57;
1-1404;23.40;49.97;14.80;214.8;41.65;
1-1405;23.41;49.97;14.30;214.8;41.72;
1-1406;23.43;49.97;14.80;214.8;41.80;
1-1407;23.45;49.97;14.10;214.8;41.87;
1-1408;23.46;49.97;14.60;214.9;41.95;
1-1409;23.48;49.97;14.20;214.9;42.02;
1-1410;23.50;49.97;14.70;215.0;42.10;
1-1411;23.51;49.97;14.80;215.0;42.18;
1-1412;23.53;49.97;14.60;215.1;42.25;
1-1413;23.55;49.97;14.80;215.1;42.33;
1-1414;23.56;49.97;14.20;215.1;42.41;
1-1415;23.58;49.97;14.20;215.1;42.48;
1-1416;23.60;49.97;14.70;215.2;42.56;
1-1417;23.61;49.97;14.60;215.2;42.64;
1-1418;23.63;49.97;14.60;215.2;42.72;
1-1419;23.65;49.97;14.50;215.3;42.79;
1-1420;23.66;49.97;15.10;215.3;42.87;
1-1421;23.68;49.97;14.70;215.3;42.95;
1-1422;23.70;49.97;14.80;215.4;43.03;
1-1423;23.71;49.97;14.70;215.5;43.10;
1-1424;23.73;49.97;15.10;215.5;43.18;
1-1425;23.75;49.97;15.00;215.5;43.26;
1-1426;23.76;49.97;15.20;215.6;43.34;
1-1427;23.78;49.97;15.10;215.6;43.42;
1-1428;23.80;49.97;15.50;215.6;43.50;
1-1429;23.81;49.97;14.80;215.6;43.58;
1-1430;23.83;49.97;15.00;215.6;43.66;
1-1431;23.85;49.97;14.90;215.7;43.73;
1-1432;23.86;49.97;15.00;215.8;43.81;
1-1433;23.88;49.97;14.90;215.8;43.89;
1-1434;23.90;49.97;15.10;215.8;43.97;
1-1435;23.91;49.97;16.20;215.9;44.05;
1-1436;23.93;49.97;15.60;215.9;44.13;
1-1437;23.95;49.97;15.00;216.0;44.21;
1-1438;23.96;49.97;15.80;216.0;44.29;
1-1439;23.98;49.97;15.30;216.0;44.38;
1-1440;24.00;49.97;15.70;216.0;44.46;
1-1441;24.01;49.97;15.50;216.0;44.54;
1-1442;24.03;49.97;15.70;216.1;44.62;
1-1443;24.05;49.97;15.20;216.1;44.70;
1-1444;24.06;49.97;15.90;216.1;44.78;
1-1445;24.08;49.97;15.90;216.2;44.87;
1-1446;24.10;49.97;15.90;216.2;44.95;
1-1447;24.11;49.97;15.70;216.3;45.03;
1-1448;24.13;49.97;15.70;216.3;45.11;
1-1449;24.15;49.97;15.70;216.3;45.20;
1-1450;24.16;49.97;15.50;216.3;45.28;
1-1451;24.18;49.97;16.60;216.3;45.36;
1-1452;24.20;49.97;16.50;216.3;45.45;
1-1453;24.21;49.97;16.10;216.4;45.53;
1-1454;24.23;49.97;15.90;216.4;45.62;
1-1455;24.25;49.97;15.80;216.5;45.70;
1-1456;24.26;49.97;16.50;216.5;45.79;
1-1457;24.28;49.97;15.90;216.5;45.87;
1-1458;24.30;49.97;16.30;216.6;45.95;
1-1459;24.31;49.97;16.10;216.6;46.04;
1-1460;24.33;49.97;16.60;216.6;46.12;
1-1461;24.35;49.97;16.00;216.7;46.21;
1-1462;24.36;49.97;16.20;216.7;46.29;
1-1463;24.38;49.97;16.10;216.8;46.38;
1-1464;24.40;49.97;16.30;216.8;46.46;
1-1465;24.41;49.97;16.20;216.8;46.55;
1-1466;24.43;49.97;16.00;216.8;46.63;
1-1467;24.45;49.97;16.10;216.9;46.72;
1-1468;24.46;49.97;16.30;216.9;46.80;
1-1469;24.48;49.97;16.20;216.9;46.89;
1-1470;24.50;49.97;15.90;217.0;46.97;
1-1471;24.51;49.97;16.40;216.9;47.05;
1-1472;24.53;49.97;16.90;217.0;47.14;
1-1473;24.55;49.97;16.40;217.0;47.23;
1-1474;24.56;49.97;16.50;217.0;47.32;
1-1475;24.58;49.97;16.40;217.0;47.40;
1-1476;24.60;49.97;16.80;217.0;47.49;
1-1477;24.61;49.97;16.90;217.1;47.58;
1-1478;24.63;49.97;16.60;217.1;47.66;
1-1479;24.65;49.97;16.60;217.1;47.75;
1-1480;24.66;49.97;16.80;217.1;47.84;
1-1481;24.68;49.97;16.80;217.2;47.93;
1-1482;24.70;49.97;16.20;217.2;48.01;
1-1483;24.71;49.97;16.60;217.2;48.10;
1-1484;24.73;49.97;16.50;217.2;48.19;
1-1485;24.75;49.97;16.80;217.3;48.27;
1-1486;24.76;49.97;16.20;217.3;48.36;
1-1487;24.78;49.97;16.50;217.3;48.44;
1-1488;24.80;49.97;16.60;217.4;48.53;
1-1489;24.81;49.97;16.50;217.4;48.62;
1-1490;24.83;49.97;16.50;217.4;48.70;
1-1491;24.85;49.97;16.80;217.4;48.79;
1-1492;24.86;49.97;16.60;217.4;48.88;
1-1493;24.88;49.97;15.80;217.4;48.96;
1-1494;24.90;49.97;16.30;217.4;49.05;
1-1495;24.91;49.97;16.10;217.4;49.13;
1-1496;24.93;49.97;16.20;217.4;49.22;
1-1497;24.95;49.97;16.20;217.5;49.30;
1-1498;24.96;49.97;15.90;217.5;49.39;
1-1499;24.98;49.97;16.20;217.5;49.47;
1-1500;25.00;49.97;15.90;217.5;49.55;
1-1501;25.01;49.97;16.30;217.5;49.64;
1-1502;25.03;49.97;15.90;217.6;49.72;
1-1503;25.05;49.97;16.40;217.6;49.81;
1-1504;25.06;49.97;15.90;217.6;49.89;
1-1505;25.08;49.97;15.70;217.6;49.97;
1-1506;25.10;49.97;15.40;217.6;50.05;
1-1507;25.11;49.97;15.60;217.6;50.14;
1-1508;25.13;49.97;16.10;217.6;50.22;
1-1509;25.15;49.97;15.70;217.6;50.30;
1-1510;25.16;49.97;15.90;217.6;50.38;
1-1511;25.18;49.97;15.70;217.6;50.47;
1-1512;25.20;49.97;15.90;217.6;50.55;
1-1513;25.21;49.97;15.50;217.7;50.63;
1-1514;25.23;49.97;15.60;217.7;50.71;
1-1515;25.25;49.97;15.50;217.7;50.79;
1-1516;25.26;49.97;15.50;217.7;50.88;
1-1517;25.28;49.97;15.60;217.7;50.96;
1-1518;25.30;49.97;15.40;217.7;51.04;
1-1519;25.31;49.97;15.70;217.7;51.12;
1-1520;25.33;49.97;15.40;217.7;51.20;
1-1521;25.35;49.97;15.10;217.7;51.28;
1-1522;25.36;49.97;15.00;217.7;51.36;
1-1523;25.38;49.97;15.10;217.7;51.44;
1-1524;25.40;49.97;14.90;217.7;51.52;
1-1525;25.41;49.97;14.60;217.8;51.59;
1-1526;25.43;49.97;14.80;217.7;51.67;
1-1527;25.45;49.97;14.80;217.7;51.75;
1-1528;25.46;49.97;14.80;217.7;51.83;
1-1529;25.48;49.97;15.00;217.7;51.90;
1-1530;25.50;49.97;14.60;217.7;51.98;
1-1531;25.51;49.97;14.80;217.7;52.06;
1-1532;25.53;49.97;14.80;217.7;52.14;
1-1533;25.55;49.97;14.40;217.6;52.21;
1-1534;25.56;49.97;14.00;217.6;52.29;
1-1535;25.58;49.97;14.20;217.6;52.36;
1-1536;25.60;49.97;14.30;217.7;52.44;
1-1537;25.61;49.97;14.10;217.6;52.51;
1-1538;25.63;49.97;14.50;217.6;52.58;
1-1539;25.65;49.97;14.40;217.6;52.66;
1-1540;25.66;49.97;14.40;217.6;52.74;
1-1541;25.68;49.97;14.10;217.6;52.81;
1-1542;25.70;49.97;14.50;217.7;52.88;
1-1543;25.71;49.97;14.40;217.6;52.96;
1-1544;25.73;49.97;14.10;217.6;53.03;
1-1545;25.75;49.97;14.20;217.6;53.11;
1-1546;25.76;49.97;14.00;217.7;53.18;
1-1547;25.78;49.97;13.70;217.7;53.26;
1-1548;25.80;49.97;14.00;217.7;53.33;
1-1549;25.81;49.97;14.10;217.7;53.40;
1-1550;25.83;49.97;14.10;217.7;53.47;
1-1551;25.85;49.97;13.80;217.7;53.55;
1-1552;25.86;49.97;13.80;217.7;53.62;
1-1553;25.88;49.97;13.50;217.7;53.69;
1-1554;25.90;49.97;13.90;217.7;53.76;
1-1555;25.91;49.97;13.60;217.7;53.84;
1-1556;25.93;49.97;13.80;217.7;53.91;
1-1557;25.95;49.97;13.50;217.6;53.98;
1-1558;25.96;49.97;13.50;217.7;54.05;
1-1559;25.98;49.97;13.60;217.7;54.12;
1-1560;26.00;49.97;13.50;217.7;54.19;
1-1561;26.01;49.97;13.70;217.7;54.26;
1-1562;26.03;49.97;13.40;217.7;54.33;
1-1563;26.05;49.97;13.50;217.7;54.40;
1-1564;26.06;49.97;13.20;217.7;54.47;
1-1565;26.08;49.97;13.00;217.7;54.54;
1-1566;26.10;49.97;13.30;217.7;54.61;
1-1567;26.11;49.97;13.40;217.7;54.68;
1-1568;26.13;49.97;13.70;217.7;54.75;
1-1569;26.15;49.97;13.00;217.7;54.82;
1-1570;26.16;49.97;13.30;217.7;54.89;
1-1571;26.18;49.97;12.90;217.7;54.96;
1-1572;26.20;49.97;13.40;217.7;55.03;
1-1573;26.21;49.97;12.80;217.6;55.10;
1-1574;26.23;49.97;13.30;217.6;55.16;
1-1575;26.25;49.97;13.10;217.6;55.23;
1-1576;26.26;49.97;12.70;217.6;55.30;
1-1577;26.28;49.97;12.90;217.6;55.37;
1-1578;26.30;49.97;13.20;217.6;55.44;
1-1579;26.31;49.97;13.20;217.6;55.51;
1-1580;26.33;49.97;13.10;217.6;55.57;
1-1581;26.35;49.97;13.60;217.6;55.64;
1-1582;26.36;49.97;13.20;217.6;55.71;
1-1583;26.38;49.97;12.80;217.6;55.78;
1-1584;26.40;49.97;12.50;217.7;55.85;
1-1585;26.41;49.97;13.20;217.7;55.92;
1-1586;26.43;49.97;12.80;217.6;55.98;
1-1587;26.45;49.97;12.20;217.7;56.05;
1-1588;26.46;49.97;12.70;217.7;56.11;
1-1589;26.48;49.97;12.60;217.7;56.18;
1-1590;26.50;49.97;12.50;217.7;56.25;
1-1591;26.51;49.97;12.10;217.7;56.31;
1-1592;26.53;49.97;12.60;217.6;56.37;
1-1593;26.55;49.97;12.30;217.6;56.44;
1-1594;26.56;49.97;12.20;217.6;56.50;
1-1595;26.58;49.97;12.00;217.6;56.57;
1-1596;26.60;49.97;12.10;217.6;56.63;
1-1597;26.61;49.97;12.30;217.6;56.69;
1-1598;26.63;49.97;11.70;217.6;56.76;
1-1599;26.65;49.97;11.90;217.5;56.82;
1-1600;26.66;49.97;11.70;217.5;56.88;
1-1601;26.68;49.97;11.80;217.5;56.94;
1-1602;26.70;49.97;11.00;217.5;57.00;
1-1603;26.71;49.97;11.50;217.5;57.06;
1-1604;26.73;49.97;11.90;217.5;57.12;
1-1605;26.75;49.97;11.20;217.5;57.18;
1-1606;26.76;49.97;11.30;217.4;57.24;
1-1607;26.78;49.97;10.80;217.4;57.30;
1-1608;26.80;49.97;11.40;217.4;57.36;
1-1609;26.81;49.97;11.00;217.4;57.42;
1-1610;26.83;49.97;11.30;217.4;57.47;
1-1611;26.85;49.97;11.40;217.3;57.53;
1-1612;26.86;49.97;11.10;217.3;57.59;
1-1613;26.88;49.97;11.10;217.3;57.65;
1-1614;26.90;49.97;10.70;217.3;57.71;
1-1615;26.91;49.97;11.00;217.3;57.76;
1-1616;26.93;49.97;10.90;217.3;57.82;
1-1617;26.95;49.97;11.30;217.2;57.88;
1-1618;26.96;49.97;10.60;217.2;57.94;
1-1619;26.98;49.97;10.40;217.2;57.99;
1-1620;27.00;49.97;10.80;217.1;58.05;
1-1621;27.01;49.97;10.90;217.1;58.10;
1-1622;27.03;49.97;11.30;217.1;58.16;
1-1623;27.05;49.97;10.80;217.1;58.22;
1-1624;27.06;49.97;10.90;217.1;58.28;
1-1625;27.08;49.97;10.20;217.0;58.33;
1-1626;27.10;49.97;10.30;217.0;58.39;
1-1627;27.11;49.97;10.10;217.0;58.44;
1-1628;27.13;49.97;10.50;217.0;58.49;
1-1629;27.15;49.97;10.70;217.0;58.55;
1-1630;27.16;49.97;10.10;217.0;58.60;
1-1631;27.18;49.97;10.30;216.9;58.66;
1-1632;27.20;49.97;10.40;216.9;58.71;
1-1633;27.21;49.97;9.800;216.8;58.76;
1-1634;27.23;49.97;10.10;216.8;58.82;
1-1635;27.25;49.97;10.50;216.8;58.87;
1-1636;27.26;49.97;10.40;216.7;58.92;
1-1637;27.28;49.97;9.900;216.7;58.98;
1-1638;27.30;49.97;9.900;216.7;59.03;
1-1639;27.31;49.97;9.900;216.7;59.08;
1-1640;27.33;49.97;10.30;216.6;59.13;
1-1641;27.35;49.97;10.10;216.6;59.19;
1-1642;27.36;49.97;10.20;216.6;59.24;
1-1643;27.38;49.97;9.600;216.6;59.29;
1-1644;27.40;49.97;9.800;216.6;59.34;
1-1645;27.41;49.97;9.700;216.6;59.39;
1-1646;27.43;49.97;9.800;216.6;59.44;
1-1647;27.45;49.97;9.900;216.6;59.50;
1-1648;27.46;49.97;9.500;216.5;59.55;
1-1649;27.48;49.97;9.600;216.5;59.60;
1-1650;27.50;49.97;9.300;216.4;59.65;
1-1651;27.51;49.97;9.600;216.4;59.70;
1-1652;27.53;49.97;9.600;216.4;59.75;
1-1653;27.55;49.97;9.800;216.4;59.80;
1-1654;27.56;49.97;9.400;216.4;59.85;
1-1655;27.58;49.97;9.200;216.3;59.90;
1-1656;27.60;49.97;9.300;216.3;59.94;
1-1657;27.61;49.97;9.200;216.3;59.99;
1-1658;27.63;49.97;9.500;216.2;60.04;
1-1659;27.65;49.97;9.300;216.2;60.09;
1-1660;27.66;49.97;9.400;216.2;60.14;
1-1661;27.68;49.97;9.000;216.2;60.19;
1-1662;27.70;49.97;9.300;216.1;60.24;
1-1663;27.71;49.97;9.200;216.1;60.28;
1-1664;27.73;49.97;9.200;216.1;60.33;
1-1665;27.75;49.97;9.100;216.0;60.38;
1-1666;27.76;49.97;8.800;216.0;60.43;
1-1667;27.78;49.97;8.900;216.0;60.47;
1-1668;27.80;49.97;8.900;216.0;60.52;
1-1669;27.81;49.97;9.000;216.0;60.57;
1-1670;27.83;49.97;8.700;215.9;60.61;
1-1671;27.85;49.97;9.100;215.9;60.66;
1-1672;27.86;49.97;9.200;215.8;60.71;
1-1673;27.88;49.97;8.800;215.8;60.75;
1-1674;27.90;49.97;8.800;215.8;60.80;
1-1675;27.91;49.97;8.800;215.8;60.85;
1-1676;27.93;49.97;8.700;215.7;60.89;
1-1677;27.95;49.97;8.500;215.7;60.94;
1-1678;27.96;49.97;8.600;215.7;60.98;
1-1679;27.98;49.97;8.500;215.6;61.03;
1-1680;28.00;49.97;8.400;215.6;61.07;

