D:\Documents and Settings\All Users\Documents\Thermo\PolySoft\Projects\JanLDHTEST Dec2015.pmp\JanDec_0018.pld


 ;t [min];Revolution Speed [1/min];Torque [Nm];TM [°C];E [kJ];
1-1;0.006517;49.97;28.50;174.3;0.01458;
1-2;0.02318;49.97;42.60;167.4;0.201;
1-3;0.03985;49.97;32.40;163.5;0.397;
1-4;0.05652;49.97;30.40;156.4;0.561;
1-5;0.07318;49.97;26.90;151.6;0.711;
1-6;0.08985;49.97;26.20;150.0;0.850;
1-7;0.107;49.97;26.00;148.4;0.987;
1-8;0.123;49.97;24.70;148.2;1.119;
1-9;0.140;49.97;23.90;148.2;1.246;
1-10;0.157;49.97;23.90;148.4;1.372;
1-11;0.173;49.97;23.00;149.0;1.494;
1-12;0.190;49.97;22.90;149.3;1.614;
1-13;0.207;49.97;22.20;150.0;1.732;
1-14;0.223;49.97;21.40;150.7;1.846;
1-15;0.240;49.97;20.30;151.2;1.956;
1-16;0.257;49.97;20.30;152.1;2.062;
1-17;0.273;49.97;19.60;153.1;2.166;
1-18;0.290;49.97;19.50;153.7;2.269;
1-19;0.307;49.97;19.20;154.8;2.370;
1-20;0.323;49.97;18.20;155.9;2.468;
1-21;0.340;49.97;17.80;156.5;2.562;
1-22;0.357;49.97;17.60;157.6;2.655;
1-23;0.373;49.97;16.70;158.8;2.744;
1-24;0.390;49.97;16.60;159.4;2.831;
1-25;0.407;49.97;16.10;160.6;2.917;
1-26;0.423;49.97;15.70;161.7;3.000;
1-27;0.440;49.97;14.90;162.3;3.080;
1-28;0.457;49.97;14.80;163.4;3.158;
1-29;0.473;49.97;14.10;164.5;3.234;
1-30;0.490;49.97;13.80;165.0;3.307;
1-31;0.507;49.97;13.30;166.1;3.377;
1-32;0.523;49.97;13.10;167.0;3.447;
1-33;0.540;49.97;12.60;167.5;3.514;
1-34;0.557;49.97;12.20;168.4;3.579;
1-35;0.573;49.97;11.90;169.3;3.642;
1-36;0.590;49.97;11.60;169.8;3.703;
1-37;0.607;49.97;11.40;170.7;3.763;
1-38;0.623;49.97;11.10;171.5;3.822;
1-39;0.640;49.97;10.80;171.8;3.880;
1-40;0.657;49.97;10.60;172.5;3.936;
1-41;0.673;49.97;10.30;173.1;3.990;
1-42;0.690;49.97;10.30;173.5;4.044;
1-43;0.707;49.97;10.00;174.2;4.097;
1-44;0.723;49.97;10.00;174.8;4.150;
1-45;0.740;49.97;9.600;175.1;4.201;
1-46;0.757;49.97;9.700;175.6;4.251;
1-47;0.773;49.97;9.200;176.1;4.301;
1-48;0.790;49.97;9.200;176.4;4.349;
1-49;0.807;49.97;9.100;176.9;4.397;
1-50;0.823;49.97;8.900;177.4;4.444;
1-51;0.840;49.97;8.700;177.6;4.490;
1-52;0.857;49.97;8.700;178.1;4.536;
1-53;0.873;49.97;8.500;178.6;4.581;
1-54;0.890;49.97;8.400;178.9;4.625;
1-55;0.907;49.97;8.400;179.3;4.669;
1-56;0.923;49.97;8.200;179.7;4.712;
1-57;0.940;49.97;8.100;179.9;4.755;
1-58;0.957;49.97;8.100;180.3;4.797;
1-59;0.973;49.97;8.000;180.7;4.839;
1-60;0.990;49.97;7.900;180.9;4.881;
1-61;1.007;49.97;7.900;181.2;4.922;
1-62;1.023;49.97;7.900;181.6;4.964;
1-63;1.040;49.97;7.700;181.8;5.005;
1-64;1.057;49.97;7.800;182.1;5.045;
1-65;1.073;49.97;7.600;182.4;5.085;
1-66;1.090;49.97;7.500;182.6;5.125;
1-67;1.107;49.97;7.400;182.9;5.164;
1-68;1.123;49.97;7.500;183.2;5.203;
1-69;1.140;49.97;7.300;183.3;5.242;
1-70;1.157;49.97;7.300;183.6;5.280;
1-71;1.173;49.97;7.300;183.9;5.318;
1-72;1.190;49.97;7.200;184.0;5.356;
1-73;1.207;49.97;7.200;184.3;5.394;
1-74;1.223;49.97;7.100;184.5;5.431;
1-75;1.240;49.97;7.100;184.6;5.468;
1-76;1.257;49.97;7.000;184.9;5.505;
1-77;1.273;49.97;7.000;185.1;5.542;
1-78;1.290;49.97;6.900;185.3;5.578;
1-79;1.307;49.97;6.900;185.5;5.614;
1-80;1.323;49.97;6.900;185.7;5.650;
1-81;1.340;49.97;6.800;185.8;5.686;
1-82;1.357;49.97;6.900;186.0;5.722;
1-83;1.373;49.97;6.700;186.2;5.758;
1-84;1.390;49.97;6.700;186.3;5.793;
1-85;1.407;49.97;6.700;186.5;5.828;
1-86;1.423;49.97;6.700;186.7;5.863;
1-87;1.440;49.97;6.600;186.8;5.898;
1-88;1.457;49.97;6.600;187.0;5.932;
1-89;1.473;49.97;6.500;187.1;5.966;
1-90;1.490;49.97;6.500;187.2;6.000;
1-91;1.507;49.97;6.500;187.4;6.034;
1-92;1.523;49.97;6.500;187.6;6.068;
1-93;1.540;49.97;6.400;187.7;6.102;
1-94;1.557;49.97;6.400;187.9;6.136;
1-95;1.573;49.97;6.300;188.0;6.169;
1-96;1.590;49.97;6.300;188.1;6.202;
1-97;1.607;49.97;6.300;188.3;6.235;
1-98;1.623;49.97;6.300;188.4;6.268;
1-99;1.640;49.97;6.200;188.5;6.301;
1-100;1.657;49.97;6.300;188.7;6.333;
1-101;1.673;49.97;6.200;188.8;6.366;
1-102;1.690;49.97;6.200;188.9;6.398;
1-103;1.707;49.97;6.100;189.0;6.431;
1-104;1.723;49.97;6.200;189.2;6.463;
1-105;1.740;49.97;6.000;189.2;6.495;
1-106;1.757;49.97;6.100;189.3;6.526;
1-107;1.773;49.97;6.000;189.5;6.558;
1-108;1.790;49.97;6.000;189.5;6.589;
1-109;1.807;49.97;6.100;189.7;6.621;
1-110;1.823;49.97;6.000;189.8;6.653;
1-111;1.840;49.97;6.000;189.9;6.684;
1-112;1.857;49.97;5.900;190.0;6.715;
1-113;1.873;49.97;5.900;190.2;6.746;
1-114;1.890;49.97;5.900;190.2;6.777;
1-115;1.907;49.97;5.900;190.3;6.808;
1-116;1.923;49.97;5.900;190.5;6.839;
1-117;1.940;49.97;5.800;190.5;6.869;
1-118;1.957;49.97;5.800;190.6;6.900;
1-119;1.973;49.97;5.800;190.8;6.930;
1-120;1.990;49.97;5.800;190.8;6.960;
1-121;2.007;49.97;5.800;191.0;6.991;
1-122;2.023;49.97;5.700;191.1;7.021;
1-123;2.040;49.97;5.700;191.1;7.051;
1-124;2.057;49.97;5.700;191.3;7.081;
1-125;2.073;49.97;5.700;191.4;7.110;
1-126;2.090;49.97;5.600;191.4;7.140;
1-127;2.107;49.97;5.700;191.6;7.170;
1-128;2.123;49.97;5.600;191.7;7.199;
1-129;2.140;49.97;5.600;191.7;7.228;
1-130;2.157;49.97;5.500;191.9;7.257;
1-131;2.173;49.97;5.600;192.0;7.286;
1-132;2.190;49.97;5.500;192.1;7.316;
1-133;2.207;49.97;5.500;192.1;7.344;
1-134;2.223;49.97;5.500;192.2;7.373;
1-135;2.240;49.97;5.500;192.3;7.402;
1-136;2.257;49.97;5.500;192.4;7.431;
1-137;2.273;49.97;5.400;192.5;7.459;
1-138;2.290;49.97;5.400;192.6;7.487;
1-139;2.307;49.97;5.400;192.7;7.516;
1-140;2.323;49.97;5.400;192.8;7.544;
1-141;2.340;49.97;5.400;192.8;7.572;
1-142;2.357;49.97;5.300;192.9;7.600;
1-143;2.373;49.97;5.400;193.0;7.628;
1-144;2.390;49.97;5.300;193.1;7.656;
1-145;2.407;49.97;5.300;193.2;7.684;
1-146;2.423;49.97;5.300;193.3;7.712;
1-147;2.440;49.97;5.300;193.4;7.739;
1-148;2.457;49.97;5.200;193.5;7.767;
1-149;2.473;49.97;5.300;193.6;7.794;
1-150;2.490;49.97;5.200;193.6;7.822;
1-151;2.507;49.97;5.300;193.7;7.849;
1-152;2.523;49.97;5.300;193.8;7.877;
1-153;2.540;49.97;5.200;193.8;7.905;
1-154;2.557;49.97;5.200;193.9;7.932;
1-155;2.573;49.97;5.200;194.0;7.959;
1-156;2.590;49.97;5.100;194.1;7.986;
1-157;2.607;49.97;5.100;194.2;8.013;
1-158;2.623;49.97;5.100;194.3;8.039;
1-159;2.640;49.97;5.100;194.4;8.066;
1-160;2.657;49.97;5.100;194.4;8.093;
1-161;2.673;49.97;5.100;194.5;8.119;
1-162;2.690;49.97;5.000;194.6;8.146;
1-163;2.707;49.97;5.100;194.6;8.172;
1-164;2.723;49.97;5.000;194.8;8.199;
1-165;2.740;49.97;5.100;194.8;8.225;
1-166;2.757;49.97;5.000;194.9;8.252;
1-167;2.773;49.97;5.000;195.0;8.278;
1-168;2.790;49.97;5.000;195.1;8.304;
1-169;2.807;49.97;5.000;195.1;8.330;
1-170;2.823;49.97;5.000;195.2;8.356;
1-171;2.840;49.97;5.000;195.3;8.382;
1-172;2.857;49.97;5.000;195.3;8.409;
1-173;2.873;49.97;5.000;195.5;8.435;
1-174;2.890;49.97;5.000;195.5;8.461;
1-175;2.907;49.97;5.000;195.6;8.487;
1-176;2.923;49.97;5.000;195.6;8.513;
1-177;2.940;49.97;5.000;195.7;8.539;
1-178;2.957;49.97;4.900;195.8;8.565;
1-179;2.973;49.97;5.000;195.9;8.591;
1-180;2.990;49.97;4.800;196.0;8.617;
1-181;3.007;49.97;4.900;196.0;8.642;
1-182;3.023;49.97;4.800;196.1;8.668;
1-183;3.040;49.97;4.900;196.2;8.693;
1-184;3.057;49.97;4.800;196.2;8.718;
1-185;3.073;49.97;4.800;196.3;8.743;
1-186;3.090;49.97;4.800;196.4;8.769;
1-187;3.107;49.97;4.800;196.4;8.794;
1-188;3.123;49.97;4.800;196.5;8.819;
1-189;3.140;49.97;4.800;196.6;8.844;
1-190;3.157;49.97;4.800;196.6;8.869;
1-191;3.173;49.97;4.800;196.7;8.894;
1-192;3.190;49.97;4.700;196.8;8.919;
1-193;3.207;49.97;4.700;196.8;8.944;
1-194;3.223;49.97;4.800;196.9;8.968;
1-195;3.240;49.97;4.700;197.0;8.993;
1-196;3.257;49.97;4.700;197.0;9.018;
1-197;3.273;49.97;4.800;197.1;9.043;
1-198;3.290;49.97;4.700;197.2;9.068;
1-199;3.307;49.97;4.700;197.2;9.092;
1-200;3.323;49.97;4.700;197.3;9.117;
1-201;3.340;49.97;4.700;197.4;9.141;
1-202;3.357;49.97;4.600;197.4;9.166;
1-203;3.373;49.97;4.700;197.5;9.190;
1-204;3.390;49.97;4.600;197.6;9.214;
1-205;3.407;49.97;4.700;197.6;9.239;
1-206;3.423;49.97;4.600;197.6;9.263;
1-207;3.440;49.97;4.600;197.7;9.287;
1-208;3.457;49.97;4.600;197.8;9.311;
1-209;3.473;49.97;4.600;197.8;9.335;
1-210;3.490;49.97;4.600;197.8;9.359;
1-211;3.507;49.97;4.500;197.9;9.383;
1-212;3.523;49.97;4.600;198.0;9.407;
1-213;3.540;49.97;4.600;198.0;9.431;
1-214;3.557;49.97;4.500;198.1;9.455;
1-215;3.573;49.97;4.600;198.2;9.479;
1-216;3.590;49.97;4.600;198.2;9.503;
1-217;3.607;49.97;4.600;198.3;9.527;
1-218;3.623;49.97;4.600;198.4;9.551;
1-219;3.640;49.97;4.600;198.4;9.575;
1-220;3.657;49.97;4.500;198.5;9.599;
1-221;3.673;49.97;4.500;198.5;9.622;
1-222;3.690;49.97;4.600;198.6;9.646;
1-223;3.707;49.97;4.500;198.6;9.670;
1-224;3.723;49.97;4.500;198.7;9.694;
1-225;3.740;49.97;4.500;198.7;9.717;
1-226;3.757;49.97;4.500;198.8;9.741;
1-227;3.773;49.97;4.500;198.8;9.764;
1-228;3.790;49.97;4.400;198.9;9.787;
1-229;3.807;49.97;4.400;199.0;9.811;
1-230;3.823;49.97;4.500;199.0;9.834;
1-231;3.840;49.97;4.500;199.0;9.857;
1-232;3.857;49.97;4.400;199.1;9.881;
1-233;3.873;49.97;4.500;199.1;9.904;
1-234;3.890;49.97;4.400;199.2;9.927;
1-235;3.907;49.97;4.400;199.3;9.950;
1-236;3.923;49.97;4.400;199.3;9.973;
1-237;3.940;49.97;4.500;199.3;9.997;
1-238;3.957;49.97;4.400;199.4;10.02;
1-239;3.973;49.97;4.400;199.5;10.04;
1-240;3.990;49.97;4.400;199.5;10.07;
1-241;4.007;49.97;4.300;199.6;10.09;
1-242;4.023;49.97;4.400;199.6;10.11;
1-243;4.040;49.97;4.400;199.6;10.13;
1-244;4.057;49.97;4.400;199.7;10.16;
1-245;4.073;49.97;4.400;199.7;10.18;
1-246;4.090;49.97;4.400;199.8;10.20;
1-247;4.107;49.97;4.300;199.8;10.23;
1-248;4.123;49.97;4.300;199.8;10.25;
1-249;4.140;49.97;4.300;199.9;10.27;
1-250;4.157;49.97;4.300;200.0;10.29;
1-251;4.173;49.97;4.300;200.0;10.32;
1-252;4.190;49.97;4.300;200.0;10.34;
1-253;4.207;49.97;4.300;200.1;10.36;
1-254;4.223;49.97;4.300;200.1;10.38;
1-255;4.240;49.97;4.300;200.2;10.41;
1-256;4.257;49.97;4.200;200.2;10.43;
1-257;4.273;49.97;4.200;200.3;10.45;
1-258;4.290;49.97;4.300;200.3;10.47;
1-259;4.307;49.97;4.300;200.4;10.50;
1-260;4.323;49.97;4.300;200.4;10.52;
1-261;4.340;49.97;4.300;200.4;10.54;
1-262;4.357;49.97;4.300;200.5;10.56;
1-263;4.373;49.97;4.200;200.5;10.59;
1-264;4.390;49.97;4.300;200.5;10.61;
1-265;4.407;49.97;4.200;200.6;10.63;
1-266;4.423;49.97;4.300;200.6;10.65;
1-267;4.440;49.97;4.300;200.7;10.67;
1-268;4.457;49.97;4.300;200.7;10.70;
1-269;4.473;49.97;4.300;200.8;10.72;
1-270;4.490;49.97;4.200;200.8;10.74;
1-271;4.507;49.97;4.200;200.8;10.76;
1-272;4.523;49.97;4.200;200.9;10.79;
1-273;4.540;49.97;4.200;200.9;10.81;
1-274;4.557;49.97;4.200;201.0;10.83;
1-275;4.573;49.97;4.200;201.0;10.85;
1-276;4.590;49.97;4.200;201.0;10.87;
1-277;4.607;49.97;4.100;201.1;10.90;
1-278;4.623;49.97;4.200;201.1;10.92;
1-279;4.640;49.97;4.200;201.2;10.94;
1-280;4.657;49.97;4.200;201.2;10.96;
1-281;4.673;49.97;4.100;201.2;10.98;
1-282;4.690;49.97;4.200;201.3;11.00;
1-283;4.707;49.97;4.100;201.3;11.03;
1-284;4.723;49.97;4.200;201.3;11.05;
1-285;4.740;49.97;4.200;201.4;11.07;
1-286;4.757;49.97;4.200;201.4;11.09;
1-287;4.773;49.97;4.100;201.4;11.11;
1-288;4.790;49.97;4.100;201.5;11.13;
1-289;4.807;49.97;4.100;201.5;11.16;
1-290;4.823;49.97;4.100;201.6;11.18;
1-291;4.840;49.97;4.100;201.6;11.20;
1-292;4.857;49.97;4.100;201.6;11.22;
1-293;4.873;49.97;4.100;201.6;11.24;
1-294;4.890;49.97;4.100;201.7;11.26;
1-295;4.907;49.97;4.100;201.8;11.28;
1-296;4.923;49.97;4.100;201.8;11.31;
1-297;4.940;49.97;4.000;201.8;11.33;
1-298;4.957;49.97;4.100;201.8;11.35;
1-299;4.973;49.97;4.000;201.9;11.37;
1-300;4.990;49.97;4.000;201.9;11.39;
1-301;5.007;49.97;4.000;202.0;11.41;
1-302;5.023;49.97;4.000;202.0;11.43;
1-303;5.040;49.97;4.000;202.0;11.45;
1-304;5.057;49.97;4.000;202.0;11.47;
1-305;5.073;49.97;4.000;202.0;11.50;
1-306;5.090;49.97;4.000;202.1;11.52;
1-307;5.107;49.97;4.000;202.1;11.54;
1-308;5.123;49.97;4.000;202.1;11.56;
1-309;5.140;49.97;4.000;202.2;11.58;
1-310;5.157;49.97;4.000;202.2;11.60;
1-311;5.173;49.97;4.000;202.2;11.62;
1-312;5.190;49.97;4.000;202.2;11.64;
1-313;5.207;49.97;3.900;202.3;11.66;
1-314;5.223;49.97;4.000;202.3;11.68;
1-315;5.240;49.97;4.000;202.3;11.70;
1-316;5.257;49.97;4.000;202.4;11.73;
1-317;5.273;49.97;4.000;202.4;11.75;
1-318;5.290;49.97;4.000;202.4;11.77;
1-319;5.307;49.97;3.900;202.4;11.79;
1-320;5.323;49.97;4.000;202.5;11.81;
1-321;5.340;49.97;4.000;202.5;11.83;
1-322;5.357;49.97;4.000;202.6;11.85;
1-323;5.373;49.97;4.000;202.6;11.87;
1-324;5.390;49.97;4.000;202.6;11.89;
1-325;5.407;49.97;4.000;202.6;11.91;
1-326;5.423;49.97;4.000;202.7;11.93;
1-327;5.440;49.97;4.000;202.7;11.96;
1-328;5.457;49.97;4.000;202.7;11.98;
1-329;5.473;49.97;3.900;202.7;12.00;
1-330;5.490;49.97;4.000;202.7;12.02;
1-331;5.507;49.97;3.900;202.8;12.04;
1-332;5.523;49.97;3.900;202.8;12.06;
1-333;5.540;49.97;3.900;202.8;12.08;
1-334;5.557;49.97;4.000;202.8;12.10;
1-335;5.573;49.97;3.900;202.9;12.12;
1-336;5.590;49.97;4.000;202.9;12.14;
1-337;5.607;49.97;4.000;203.0;12.16;
1-338;5.623;49.97;4.000;203.0;12.18;
1-339;5.640;49.97;4.000;203.0;12.20;
1-340;5.657;49.97;4.000;203.0;12.22;
1-341;5.673;49.97;4.000;203.0;12.25;
1-342;5.690;49.97;3.900;203.1;12.27;
1-343;5.707;49.97;3.900;203.1;12.29;
1-344;5.723;49.97;3.900;203.1;12.31;
1-345;5.740;49.97;4.000;203.2;12.33;
1-346;5.757;49.97;4.000;203.2;12.35;
1-347;5.773;49.97;3.900;203.2;12.37;
1-348;5.790;49.97;3.900;203.2;12.39;
1-349;5.807;49.97;3.900;203.3;12.41;
1-350;5.823;49.97;3.900;203.3;12.43;
1-351;5.840;49.97;3.900;203.3;12.45;
1-352;5.857;49.97;3.900;203.4;12.47;
1-353;5.873;49.97;3.900;203.4;12.49;
1-354;5.890;49.97;3.900;203.4;12.51;
1-355;5.907;49.97;3.900;203.4;12.53;
1-356;5.923;49.97;3.900;203.4;12.55;
1-357;5.940;49.97;3.900;203.4;12.57;
1-358;5.957;49.97;3.900;203.5;12.59;
1-359;5.973;49.97;3.900;203.5;12.61;
1-360;5.990;49.97;3.900;203.5;12.63;
1-361;6.007;49.97;3.900;203.5;12.66;
1-362;6.023;49.97;3.800;203.6;12.68;
1-363;6.040;49.97;3.900;203.6;12.70;
1-364;6.057;49.97;3.900;203.6;12.72;
1-365;6.073;49.97;3.900;203.6;12.74;
1-366;6.090;49.97;3.900;203.6;12.76;
1-367;6.107;49.97;3.800;203.7;12.78;
1-368;6.123;49.97;3.800;203.7;12.80;
1-369;6.140;49.97;3.800;203.7;12.82;
1-370;6.157;49.97;3.900;203.8;12.84;
1-371;6.173;49.97;3.800;203.8;12.86;
1-372;6.190;49.97;3.800;203.8;12.88;
1-373;6.207;49.97;3.900;203.8;12.90;
1-374;6.223;49.97;3.800;203.8;12.92;
1-375;6.240;49.97;3.900;203.8;12.94;
1-376;6.257;49.97;3.800;203.8;12.96;
1-377;6.273;49.97;3.900;203.9;12.98;
1-378;6.290;49.97;3.800;203.9;13.00;
1-379;6.307;49.97;3.900;203.9;13.02;
1-380;6.323;49.97;3.800;204.0;13.04;
1-381;6.340;49.97;3.800;204.0;13.06;
1-382;6.357;49.97;3.800;204.0;13.08;
1-383;6.373;49.97;3.900;204.0;13.10;
1-384;6.390;49.97;3.800;204.0;13.12;
1-385;6.407;49.97;3.800;204.0;13.14;
1-386;6.423;49.97;3.800;204.1;13.16;
1-387;6.440;49.97;3.800;204.1;13.18;
1-388;6.457;49.97;3.800;204.1;13.20;
1-389;6.473;49.97;3.800;204.1;13.22;
1-390;6.490;49.97;3.800;204.1;13.24;
1-391;6.507;49.97;3.800;204.2;13.26;
1-392;6.523;49.97;3.800;204.2;13.28;
1-393;6.540;49.97;3.800;204.2;13.30;
1-394;6.557;49.97;3.800;204.2;13.32;
1-395;6.573;49.97;3.800;204.2;13.34;
1-396;6.590;49.97;3.800;204.2;13.36;
1-397;6.607;49.97;3.800;204.3;13.38;
1-398;6.623;49.97;3.800;204.3;13.40;
1-399;6.640;49.97;3.800;204.3;13.42;
1-400;6.657;49.97;3.800;204.3;13.44;
1-401;6.673;49.97;3.800;204.3;13.46;
1-402;6.690;49.97;3.800;204.3;13.48;
1-403;6.707;49.97;3.800;204.4;13.50;
1-404;6.723;49.97;3.800;204.4;13.52;
1-405;6.740;49.97;3.800;204.4;13.54;
1-406;6.757;49.97;3.800;204.4;13.56;
1-407;6.773;49.97;3.800;204.4;13.58;
1-408;6.790;49.97;3.800;204.4;13.60;
1-409;6.807;49.97;3.800;204.5;13.62;
1-410;6.823;49.97;3.800;204.5;13.64;
1-411;6.840;49.97;3.800;204.5;13.65;
1-412;6.857;49.97;3.800;204.5;13.67;
1-413;6.873;49.97;3.800;204.6;13.69;
1-414;6.890;49.97;3.800;204.6;13.71;
1-415;6.907;49.97;3.800;204.6;13.73;
1-416;6.923;49.97;3.800;204.6;13.75;
1-417;6.940;49.97;3.800;204.6;13.77;
1-418;6.957;49.97;3.800;204.6;13.79;
1-419;6.973;49.97;3.800;204.6;13.81;
1-420;6.990;49.97;3.700;204.7;13.83;
1-421;7.007;49.97;3.800;204.7;13.85;
1-422;7.023;49.97;3.800;204.7;13.87;
1-423;7.040;49.97;3.800;204.7;13.89;
1-424;7.057;49.97;3.800;204.7;13.91;
1-425;7.073;49.97;3.800;204.8;13.93;
1-426;7.090;49.97;3.700;204.7;13.95;
1-427;7.107;49.97;3.800;204.8;13.97;
1-428;7.123;49.97;3.700;204.8;13.99;
1-429;7.140;49.97;3.800;204.8;14.01;
1-430;7.157;49.97;3.800;204.8;14.03;
1-431;7.173;49.97;3.800;204.8;14.05;
1-432;7.190;49.97;3.700;204.9;14.07;
1-433;7.207;49.97;3.800;204.9;14.09;
1-434;7.223;49.97;3.700;204.9;14.11;
1-435;7.240;49.97;3.800;204.9;14.13;
1-436;7.257;49.97;3.800;204.9;14.15;
1-437;7.273;49.97;3.800;204.9;14.17;
1-438;7.290;49.97;3.700;204.9;14.19;
1-439;7.307;49.97;3.700;205.0;14.21;
1-440;7.323;49.97;3.700;205.0;14.23;
1-441;7.340;49.97;3.700;205.0;14.25;
1-442;7.357;49.97;3.800;205.0;14.27;
1-443;7.373;49.97;3.800;205.0;14.29;
1-444;7.390;49.97;3.800;205.0;14.31;
1-445;7.407;49.97;3.800;205.0;14.33;
1-446;7.423;49.97;3.700;205.1;14.35;
1-447;7.440;49.97;3.800;205.1;14.37;
1-448;7.457;49.97;3.800;205.1;14.39;
1-449;7.473;49.97;3.800;205.1;14.41;
1-450;7.490;49.97;3.800;205.2;14.43;
1-451;7.507;49.97;3.800;205.2;14.45;
1-452;7.523;49.97;3.700;205.2;14.46;
1-453;7.540;49.97;3.700;205.2;14.48;
1-454;7.557;49.97;3.800;205.2;14.50;
1-455;7.573;49.97;3.800;205.2;14.52;
1-456;7.590;49.97;3.800;205.2;14.54;
1-457;7.607;49.97;3.800;205.2;14.56;
1-458;7.623;49.97;3.800;205.3;14.58;
1-459;7.640;49.97;3.700;205.3;14.60;
1-460;7.657;49.97;3.800;205.3;14.62;
1-461;7.673;49.97;3.800;205.3;14.64;
1-462;7.690;49.97;3.800;205.3;14.66;
1-463;7.707;49.97;3.800;205.4;14.68;
1-464;7.724;49.97;3.800;205.4;14.70;
1-465;7.740;49.97;3.800;205.4;14.72;
1-466;7.757;49.97;3.800;205.4;14.74;
1-467;7.774;49.97;3.800;205.4;14.76;
1-468;7.790;49.97;3.800;205.4;14.78;
1-469;7.807;49.97;3.800;205.5;14.80;
1-470;7.824;49.97;3.800;205.5;14.82;
1-471;7.840;49.97;3.800;205.5;14.84;
1-472;7.857;49.97;3.800;205.5;14.86;
1-473;7.874;49.97;3.800;205.5;14.88;
1-474;7.890;49.97;3.800;205.6;14.90;
1-475;7.907;49.97;3.800;205.6;14.92;
1-476;7.924;49.97;3.900;205.6;14.94;
1-477;7.940;49.97;3.800;205.6;14.96;
1-478;7.958;49.97;3.900;205.6;14.98;
1-479;7.974;49.97;3.900;205.6;15.00;
1-480;7.991;49.97;3.900;205.6;15.02;
1-481;8.008;49.97;3.800;205.7;15.04;
1-482;8.024;49.97;3.800;205.7;15.06;
1-483;8.041;49.97;3.800;205.7;15.08;
1-484;8.058;49.97;3.800;205.7;15.10;
1-485;8.074;49.97;3.800;205.7;15.12;
1-486;8.091;49.97;3.800;205.7;15.14;
1-487;8.108;49.97;3.800;205.8;15.16;
1-488;8.124;49.97;3.800;205.8;15.18;
1-489;8.141;49.97;3.800;205.8;15.20;
1-490;8.158;49.97;3.900;205.8;15.22;
1-491;8.174;49.97;3.800;205.8;15.24;
1-492;8.191;49.97;3.800;205.8;15.26;
1-493;8.208;49.97;3.800;205.8;15.28;
1-494;8.224;49.97;3.800;205.8;15.30;
1-495;8.241;49.97;3.800;205.8;15.32;
1-496;8.258;49.97;3.800;205.9;15.34;
1-497;8.274;49.97;3.900;205.9;15.36;
1-498;8.291;49.97;3.800;205.9;15.38;
1-499;8.308;49.97;3.900;206.0;15.40;
1-500;8.324;49.97;3.800;206.0;15.42;
1-501;8.341;49.97;3.800;206.0;15.44;
1-502;8.359;49.97;3.800;206.0;15.46;
1-503;8.375;49.97;3.900;206.0;15.48;
1-504;8.392;49.97;3.900;206.0;15.50;
1-505;8.409;49.97;3.900;206.0;15.53;
1-506;8.426;49.97;3.900;206.0;15.55;
1-507;8.443;49.97;3.800;206.0;15.57;
1-508;8.460;49.97;3.900;206.1;15.59;
1-509;8.476;49.97;3.800;206.1;15.61;
1-510;8.493;49.97;3.900;206.1;15.63;
1-511;8.510;49.97;3.800;206.1;15.65;
1-512;8.526;49.97;3.800;206.1;15.67;
1-513;8.543;49.97;3.800;206.1;15.69;
1-514;8.560;49.97;3.900;206.1;15.71;
1-515;8.576;49.97;3.900;206.2;15.73;
1-516;8.593;49.97;3.800;206.2;15.75;
1-517;8.610;49.97;3.900;206.2;15.77;
1-518;8.626;49.97;3.800;206.2;15.79;
1-519;8.643;49.97;3.800;206.2;15.81;
1-520;8.660;49.97;3.800;206.2;15.83;
1-521;8.676;49.97;3.900;206.2;15.85;
1-522;8.693;49.97;3.800;206.2;15.87;
1-523;8.710;49.97;3.800;206.2;15.89;
1-524;8.726;49.97;3.900;206.3;15.91;
1-525;8.743;49.97;3.800;206.3;15.93;
1-526;8.760;49.97;3.800;206.3;15.95;
1-527;8.776;49.97;3.800;206.3;15.97;
1-528;8.793;49.97;3.800;206.3;15.99;
1-529;8.810;49.97;3.800;206.3;16.01;
1-530;8.826;49.97;3.800;206.3;16.03;
1-531;8.843;49.97;3.800;206.3;16.05;
1-532;8.860;49.97;3.800;206.4;16.07;
1-533;8.876;49.97;3.800;206.4;16.09;
1-534;8.893;49.97;3.800;206.4;16.11;
1-535;8.910;49.97;3.800;206.4;16.13;
1-536;8.926;49.97;3.800;206.4;16.15;
1-537;8.943;49.97;3.800;206.4;16.17;
1-538;8.960;49.97;3.800;206.4;16.19;
1-539;8.976;49.97;3.800;206.4;16.21;
1-540;8.993;49.97;3.800;206.4;16.23;
1-541;9.010;49.97;3.800;206.4;16.25;
1-542;9.026;49.97;3.800;206.4;16.27;
1-543;9.043;49.97;3.800;206.5;16.29;
1-544;9.060;49.97;3.800;206.5;16.31;
1-545;9.076;49.97;3.800;206.5;16.33;
1-546;9.093;49.97;3.800;206.5;16.35;
1-547;9.110;49.97;3.800;206.5;16.37;
1-548;9.126;49.97;3.800;206.5;16.39;
1-549;9.143;49.97;3.800;206.5;16.41;
1-550;9.160;49.97;3.800;206.5;16.43;
1-551;9.176;49.97;3.800;206.5;16.45;
1-552;9.193;49.97;3.900;206.5;16.47;
1-553;9.210;49.97;3.800;206.5;16.49;
1-554;9.226;49.97;3.800;206.6;16.51;
1-555;9.243;49.97;3.800;206.6;16.53;
1-556;9.260;49.97;3.800;206.6;16.55;
1-557;9.276;49.97;3.900;206.6;16.57;
1-558;9.293;49.97;3.800;206.6;16.59;
1-559;9.310;49.97;3.900;206.6;16.61;
1-560;9.326;49.97;3.900;206.6;16.63;
1-561;9.343;49.97;3.800;206.6;16.65;
1-562;9.360;49.97;3.800;206.6;16.67;
1-563;9.376;49.97;3.900;206.6;16.69;
1-564;9.393;49.97;3.900;206.7;16.71;
1-565;9.410;49.97;3.800;206.6;16.73;
1-566;9.426;49.97;3.800;206.7;16.75;
1-567;9.443;49.97;3.800;206.7;16.77;
1-568;9.460;49.97;3.800;206.7;16.79;
1-569;9.476;49.97;3.900;206.7;16.81;
1-570;9.493;49.97;3.900;206.7;16.83;
1-571;9.510;49.97;3.900;206.7;16.85;
1-572;9.526;49.97;3.900;206.7;16.87;
1-573;9.543;49.97;3.800;206.7;16.89;
1-574;9.560;49.97;3.800;206.7;16.91;
1-575;9.576;49.97;3.900;206.7;16.93;
1-576;9.593;49.97;3.900;206.8;16.95;
1-577;9.610;49.97;3.900;206.7;16.97;
1-578;9.626;49.97;3.900;206.7;16.99;
1-579;9.643;49.97;3.900;206.8;17.01;
1-580;9.660;49.97;3.900;206.8;17.03;
1-581;9.676;49.97;3.900;206.8;17.05;
1-582;9.693;49.97;3.900;206.8;17.07;
1-583;9.710;49.97;3.900;206.8;17.09;
1-584;9.726;49.97;3.900;206.8;17.11;
1-585;9.743;49.97;3.900;206.8;17.13;
1-586;9.760;49.97;3.900;206.8;17.15;
1-587;9.776;49.97;3.900;206.8;17.17;
1-588;9.793;49.97;3.900;206.8;17.19;
1-589;9.810;49.97;3.900;206.8;17.21;
1-590;9.826;49.97;3.900;206.8;17.23;
1-591;9.843;49.97;3.800;206.8;17.25;
1-592;9.860;49.97;3.900;206.8;17.27;
1-593;9.876;49.97;3.900;206.9;17.30;
1-594;9.893;49.97;3.900;206.9;17.32;
1-595;9.910;49.97;3.800;206.9;17.34;
1-596;9.926;49.97;3.900;206.9;17.36;
1-597;9.943;49.97;3.800;206.9;17.38;
1-598;9.960;49.97;3.800;206.9;17.40;
1-599;9.976;49.97;3.900;206.9;17.42;
1-600;9.993;49.97;3.900;206.9;17.44;
1-601;10.01;49.97;3.800;206.9;17.46;
1-602;10.03;49.97;3.800;206.9;17.48;
1-603;10.04;49.97;3.900;207.0;17.50;
1-604;10.06;49.97;3.800;207.0;17.52;
1-605;10.08;49.97;3.800;207.0;17.54;
1-606;10.09;49.97;3.900;207.0;17.56;
1-607;10.11;49.97;3.800;207.0;17.58;
1-608;10.13;49.97;3.800;207.0;17.60;
1-609;10.14;49.97;3.800;207.0;17.62;
1-610;10.16;49.97;3.800;207.0;17.64;
1-611;10.18;49.97;3.900;207.0;17.66;
1-612;10.19;49.97;3.900;207.0;17.68;
1-613;10.21;49.97;3.900;207.0;17.70;
1-614;10.23;49.97;3.900;207.0;17.72;
1-615;10.24;49.97;3.800;207.0;17.74;
1-616;10.26;49.97;3.800;207.0;17.76;
1-617;10.28;49.97;3.900;207.0;17.78;
1-618;10.29;49.97;3.900;207.0;17.80;
1-619;10.31;49.97;3.800;207.0;17.82;
1-620;10.33;49.97;3.900;207.0;17.84;
1-621;10.34;49.97;3.900;207.1;17.86;
1-622;10.36;49.97;3.800;207.1;17.88;
1-623;10.38;49.97;3.900;207.1;17.90;
1-624;10.39;49.97;3.900;207.1;17.92;
1-625;10.41;49.97;3.900;207.1;17.94;
1-626;10.43;49.97;3.900;207.1;17.96;
1-627;10.44;49.97;3.900;207.1;17.98;
1-628;10.46;49.97;3.900;207.1;18.00;
1-629;10.48;49.97;3.900;207.1;18.02;
1-630;10.49;49.97;3.900;207.1;18.04;
1-631;10.51;49.97;3.900;207.1;18.06;
1-632;10.53;49.97;3.900;207.1;18.08;
1-633;10.54;49.97;3.900;207.1;18.10;
1-634;10.56;49.97;3.900;207.1;18.12;
1-635;10.58;49.97;3.900;207.1;18.14;
1-636;10.59;49.97;3.900;207.2;18.16;
1-637;10.61;49.97;3.800;207.1;18.19;
1-638;10.63;49.97;3.800;207.2;18.20;
1-639;10.64;49.97;3.900;207.2;18.23;
1-640;10.66;49.97;3.800;207.2;18.25;
1-641;10.68;49.97;3.900;207.2;18.27;
1-642;10.69;49.97;3.900;207.2;18.29;
1-643;10.71;49.97;3.900;207.2;18.31;
1-644;10.73;49.97;3.900;207.2;18.33;
1-645;10.74;49.97;3.900;207.2;18.35;
1-646;10.76;49.97;3.800;207.2;18.37;
1-647;10.78;49.97;3.900;207.2;18.39;
1-648;10.79;49.97;3.900;207.2;18.41;
1-649;10.81;49.97;3.900;207.2;18.43;
1-650;10.83;49.97;3.900;207.2;18.45;
1-651;10.84;49.97;3.900;207.2;18.47;
1-652;10.86;49.97;3.900;207.2;18.49;
1-653;10.88;49.97;3.900;207.2;18.51;
1-654;10.89;49.97;3.900;207.2;18.53;
1-655;10.91;49.97;3.900;207.2;18.55;
1-656;10.93;49.97;3.900;207.2;18.57;
1-657;10.94;49.97;3.900;207.3;18.59;
1-658;10.96;49.97;3.900;207.2;18.61;
1-659;10.98;49.97;3.900;207.3;18.63;
1-660;10.99;49.97;3.900;207.3;18.65;
1-661;11.01;49.97;3.900;207.3;18.67;
1-662;11.03;49.97;3.900;207.3;18.69;
1-663;11.04;49.97;3.900;207.3;18.71;
1-664;11.06;49.97;3.900;207.3;18.73;
1-665;11.08;49.97;4.000;207.3;18.75;
1-666;11.09;49.97;4.000;207.3;18.78;
1-667;11.11;49.97;4.000;207.3;18.80;
1-668;11.13;49.97;4.000;207.3;18.82;
1-669;11.14;49.97;3.900;207.3;18.84;
1-670;11.16;49.97;3.900;207.3;18.86;
1-671;11.18;49.97;3.900;207.3;18.88;
1-672;11.19;49.97;4.000;207.4;18.90;
1-673;11.21;49.97;3.900;207.4;18.92;
1-674;11.23;49.97;3.900;207.4;18.94;
1-675;11.24;49.97;4.000;207.4;18.96;
1-676;11.26;49.97;3.900;207.4;18.98;
1-677;11.28;49.97;3.900;207.4;19.00;
1-678;11.29;49.97;3.900;207.4;19.02;
1-679;11.31;49.97;4.000;207.4;19.04;
1-680;11.33;49.97;3.900;207.4;19.06;
1-681;11.34;49.97;3.900;207.4;19.08;
1-682;11.36;49.97;3.900;207.4;19.11;
1-683;11.38;49.97;3.900;207.4;19.13;
1-684;11.39;49.97;4.000;207.4;19.15;
1-685;11.41;49.97;4.000;207.4;19.17;
1-686;11.43;49.97;4.000;207.4;19.19;
1-687;11.44;49.97;3.900;207.4;19.21;
1-688;11.46;49.97;3.900;207.4;19.23;
1-689;11.48;49.97;4.000;207.4;19.25;
1-690;11.49;49.97;4.000;207.4;19.27;
1-691;11.51;49.97;3.900;207.4;19.29;
1-692;11.53;49.97;4.000;207.4;19.31;
1-693;11.54;49.97;4.000;207.5;19.33;
1-694;11.56;49.97;3.900;207.5;19.35;
1-695;11.58;49.97;3.900;207.5;19.37;
1-696;11.59;49.97;4.000;207.5;19.39;
1-697;11.61;49.97;3.900;207.5;19.42;
1-698;11.63;49.97;3.900;207.5;19.44;
1-699;11.64;49.97;3.900;207.5;19.46;
1-700;11.66;49.97;3.900;207.5;19.48;
1-701;11.68;49.97;3.900;207.5;19.50;
1-702;11.69;49.97;3.900;207.5;19.52;
1-703;11.71;49.97;3.900;207.5;19.54;
1-704;11.73;49.97;4.000;207.5;19.56;
1-705;11.74;49.97;3.900;207.5;19.58;
1-706;11.76;49.97;3.900;207.5;19.60;
1-707;11.78;49.97;4.000;207.6;19.62;
1-708;11.79;49.97;4.000;207.6;19.64;
1-709;11.81;49.97;3.900;207.5;19.66;
1-710;11.83;49.97;4.000;207.6;19.68;
1-711;11.84;49.97;4.000;207.6;19.70;
1-712;11.86;49.97;3.900;207.6;19.72;
1-713;11.88;49.97;3.900;207.6;19.74;
1-714;11.89;49.97;4.000;207.6;19.77;
1-715;11.91;49.97;4.000;207.6;19.79;
1-716;11.93;49.97;4.000;207.6;19.81;
1-717;11.94;49.97;4.000;207.6;19.83;
1-718;11.96;49.97;4.000;207.6;19.85;
1-719;11.98;49.97;4.000;207.6;19.87;
1-720;11.99;49.97;4.000;207.6;19.89;
1-721;12.01;49.97;4.000;207.6;19.91;
1-722;12.03;49.97;4.000;207.6;19.93;
1-723;12.04;49.97;4.000;207.6;19.95;
1-724;12.06;49.97;4.000;207.6;19.97;
1-725;12.08;49.97;4.000;207.6;20.00;
1-726;12.09;49.97;4.000;207.6;20.02;
1-727;12.11;49.97;4.100;207.6;20.04;
1-728;12.13;49.97;4.100;207.6;20.06;
1-729;12.14;49.97;4.100;207.6;20.08;
1-730;12.16;49.97;4.000;207.6;20.10;
1-731;12.18;49.97;4.000;207.6;20.12;
1-732;12.19;49.97;4.000;207.6;20.14;
1-733;12.21;49.97;4.000;207.6;20.16;
1-734;12.23;49.97;4.000;207.6;20.19;
1-735;12.24;49.97;4.000;207.6;20.21;
1-736;12.26;49.97;4.000;207.6;20.23;
1-737;12.28;49.97;3.900;207.6;20.25;
1-738;12.29;49.97;4.000;207.6;20.27;
1-739;12.31;49.97;3.900;207.6;20.29;
1-740;12.33;49.97;3.900;207.6;20.31;
1-741;12.34;49.97;3.800;207.6;20.33;
1-742;12.36;49.97;3.900;207.6;20.35;
1-743;12.38;49.97;3.900;207.6;20.37;
1-744;12.39;49.97;3.900;207.6;20.39;
1-745;12.41;49.97;3.900;207.6;20.41;
1-746;12.43;49.97;3.900;207.6;20.43;
1-747;12.44;49.97;3.900;207.7;20.45;
1-748;12.46;49.97;3.800;207.7;20.47;
1-749;12.48;49.97;3.900;207.7;20.49;
1-750;12.49;49.97;3.900;207.7;20.51;
1-751;12.51;49.97;3.900;207.7;20.53;
1-752;12.53;49.97;3.800;207.7;20.55;
1-753;12.54;49.97;3.900;207.7;20.57;
1-754;12.56;49.97;3.900;207.7;20.59;
1-755;12.58;49.97;3.800;207.7;20.61;
1-756;12.59;49.97;3.900;207.7;20.63;
1-757;12.61;49.97;3.900;207.7;20.65;
1-758;12.63;49.97;3.900;207.7;20.68;
1-759;12.64;49.97;3.900;207.7;20.70;
1-760;12.66;49.97;3.900;207.7;20.72;
1-761;12.68;49.97;3.900;207.7;20.74;
1-762;12.69;49.97;3.900;207.7;20.76;
1-763;12.71;49.97;3.900;207.8;20.78;
1-764;12.73;49.97;3.900;207.8;20.80;
1-765;12.74;49.97;3.900;207.8;20.82;
1-766;12.76;49.97;3.800;207.8;20.84;
1-767;12.78;49.97;3.900;207.8;20.86;
1-768;12.79;49.97;3.900;207.8;20.88;
1-769;12.81;49.97;3.900;207.8;20.90;
1-770;12.83;49.97;3.900;207.8;20.92;
1-771;12.84;49.97;3.900;207.8;20.94;
1-772;12.86;49.97;3.900;207.8;20.96;
1-773;12.88;49.97;3.800;207.8;20.98;
1-774;12.89;49.97;3.900;207.8;21.00;
1-775;12.91;49.97;3.900;207.8;21.02;
1-776;12.93;49.97;3.900;207.8;21.04;
1-777;12.94;49.97;3.800;207.8;21.06;
1-778;12.96;49.97;3.900;207.8;21.08;
1-779;12.98;49.97;3.900;207.8;21.10;
1-780;12.99;49.97;3.900;207.8;21.12;
1-781;13.01;49.97;3.900;207.8;21.14;
1-782;13.03;49.97;3.900;207.8;21.16;
1-783;13.04;49.97;3.900;207.8;21.18;
1-784;13.06;49.97;3.900;207.8;21.20;
1-785;13.08;49.97;3.900;207.8;21.22;
1-786;13.09;49.97;3.900;207.8;21.25;
1-787;13.11;49.97;3.900;207.8;21.27;
1-788;13.13;49.97;3.900;207.8;21.29;
1-789;13.14;49.97;3.900;207.8;21.31;
1-790;13.16;49.97;4.000;207.8;21.33;
1-791;13.18;49.97;3.900;207.8;21.35;
1-792;13.19;49.97;4.000;207.8;21.37;
1-793;13.21;49.97;3.900;207.8;21.39;
1-794;13.23;49.97;4.000;207.8;21.41;
1-795;13.24;49.97;3.900;207.8;21.43;
1-796;13.26;49.97;4.000;207.8;21.45;
1-797;13.28;49.97;4.000;207.8;21.47;
1-798;13.29;49.97;3.900;207.9;21.49;
1-799;13.31;49.97;3.900;207.9;21.51;
1-800;13.33;49.97;4.000;207.9;21.53;
1-801;13.34;49.97;4.000;207.9;21.55;
1-802;13.36;49.97;4.000;207.9;21.58;
1-803;13.38;49.97;4.000;207.9;21.60;
1-804;13.39;49.97;4.000;207.9;21.62;
1-805;13.41;49.97;4.000;207.9;21.64;
1-806;13.43;49.97;4.000;207.9;21.66;
1-807;13.44;49.97;4.000;207.9;21.68;
1-808;13.46;49.97;4.000;207.9;21.70;
1-809;13.48;49.97;3.900;207.9;21.72;
1-810;13.49;49.97;4.000;207.9;21.74;
1-811;13.51;49.97;4.000;207.9;21.76;
1-812;13.53;49.97;4.000;207.9;21.78;
1-813;13.54;49.97;4.000;207.9;21.81;
1-814;13.56;49.97;4.000;207.9;21.83;
1-815;13.58;49.97;4.000;207.9;21.85;
1-816;13.59;49.97;4.000;207.9;21.87;
1-817;13.61;49.97;4.000;207.9;21.89;
1-818;13.63;49.97;4.000;207.9;21.91;
1-819;13.64;49.97;4.000;207.9;21.93;
1-820;13.66;49.97;4.000;208.0;21.95;
1-821;13.68;49.97;4.000;208.0;21.97;
1-822;13.69;49.97;4.100;208.0;21.99;
1-823;13.71;49.97;4.000;208.0;22.02;
1-824;13.73;49.97;4.000;208.0;22.04;
1-825;13.74;49.97;4.100;208.0;22.06;
1-826;13.76;49.97;4.100;208.0;22.08;
1-827;13.78;49.97;4.000;208.0;22.10;
1-828;13.79;49.97;4.000;208.0;22.12;
1-829;13.81;49.97;4.100;208.0;22.14;
1-830;13.83;49.97;4.100;208.0;22.16;
1-831;13.84;49.97;4.000;208.0;22.18;
1-832;13.86;49.97;4.000;208.0;22.21;
1-833;13.88;49.97;4.200;208.0;22.23;
1-834;13.89;49.97;4.100;208.0;22.25;
1-835;13.91;49.97;4.100;208.0;22.27;
1-836;13.93;49.97;4.100;208.0;22.29;
1-837;13.94;49.97;4.200;208.0;22.31;
1-838;13.96;49.97;4.100;208.0;22.34;
1-839;13.98;49.97;4.100;208.0;22.36;
1-840;13.99;49.97;4.200;208.0;22.38;
1-841;14.01;49.97;4.200;208.0;22.40;
1-842;14.03;49.97;4.200;208.0;22.42;
1-843;14.04;49.97;4.100;208.0;22.44;
1-844;14.06;49.97;4.200;208.0;22.47;
1-845;14.08;49.97;4.200;208.0;22.49;
1-846;14.09;49.97;4.200;208.0;22.51;
1-847;14.11;49.97;4.200;208.0;22.53;
1-848;14.13;49.97;4.300;208.1;22.55;
1-849;14.14;49.97;4.200;208.1;22.58;
1-850;14.16;49.97;4.200;208.1;22.60;
1-851;14.18;49.97;4.300;208.1;22.62;
1-852;14.19;49.97;4.200;208.1;22.64;
1-853;14.21;49.97;4.300;208.1;22.67;
1-854;14.23;49.97;4.300;208.1;22.69;
1-855;14.24;49.97;4.300;208.1;22.71;
1-856;14.26;49.97;4.300;208.1;22.73;
1-857;14.28;49.97;4.300;208.1;22.76;
1-858;14.29;49.97;4.300;208.1;22.78;
1-859;14.31;49.97;4.300;208.1;22.80;
1-860;14.33;49.97;4.400;208.1;22.82;
1-861;14.34;49.97;4.400;208.1;22.85;
1-862;14.36;49.97;4.400;208.2;22.87;
1-863;14.38;49.97;4.300;208.2;22.89;
1-864;14.39;49.97;4.400;208.2;22.91;
1-865;14.41;49.97;4.400;208.2;22.94;
1-866;14.43;49.97;4.400;208.2;22.96;
1-867;14.44;49.97;4.400;208.2;22.98;
1-868;14.46;49.97;4.400;208.2;23.01;
1-869;14.48;49.97;4.500;208.2;23.03;
1-870;14.49;49.97;4.300;208.2;23.05;
1-871;14.51;49.97;4.400;208.2;23.08;
1-872;14.53;49.97;4.400;208.2;23.10;
1-873;14.54;49.97;4.500;208.2;23.12;
1-874;14.56;49.97;4.400;208.2;23.15;
1-875;14.58;49.97;4.500;208.2;23.17;
1-876;14.59;49.97;4.500;208.2;23.19;
1-877;14.61;49.97;4.500;208.2;23.22;
1-878;14.63;49.97;4.500;208.2;23.24;
1-879;14.64;49.97;4.500;208.2;23.26;
1-880;14.66;49.97;4.600;208.2;23.29;
1-881;14.68;49.97;4.600;208.2;23.31;
1-882;14.69;49.97;4.600;208.2;23.33;
1-883;14.71;49.97;4.600;208.2;23.36;
1-884;14.73;49.97;4.700;208.2;23.38;
1-885;14.74;49.97;4.700;208.2;23.41;
1-886;14.76;49.97;4.700;208.2;23.43;
1-887;14.78;49.97;4.700;208.2;23.46;
1-888;14.79;49.97;4.700;208.2;23.48;
1-889;14.81;49.97;4.800;208.2;23.51;
1-890;14.83;49.97;4.800;208.2;23.53;
1-891;14.84;49.97;4.800;208.3;23.56;
1-892;14.86;49.97;4.800;208.3;23.58;
1-893;14.88;49.97;4.900;208.3;23.61;
1-894;14.89;49.97;4.900;208.3;23.63;
1-895;14.91;49.97;4.900;208.3;23.66;
1-896;14.93;49.97;5.000;208.3;23.68;
1-897;14.94;49.97;5.000;208.3;23.71;
1-898;14.96;49.97;5.000;208.3;23.74;
1-899;14.98;49.97;5.100;208.3;23.76;
1-900;14.99;49.97;5.200;208.3;23.79;
1-901;15.01;49.97;5.200;208.4;23.82;
1-902;15.03;49.97;5.300;208.3;23.84;
1-903;15.04;49.97;5.300;208.3;23.87;
1-904;15.06;49.97;5.300;208.3;23.90;
1-905;15.08;49.97;5.400;208.4;23.93;
1-906;15.09;49.97;5.300;208.4;23.96;
1-907;15.11;49.97;5.400;208.4;23.98;
1-908;15.13;49.97;5.400;208.4;24.01;
1-909;15.14;49.97;5.400;208.4;24.04;
1-910;15.16;49.97;5.400;208.4;24.07;
1-911;15.18;49.97;5.500;208.4;24.10;
1-912;15.19;49.97;5.600;208.5;24.13;
1-913;15.21;49.97;5.600;208.5;24.16;
1-914;15.23;49.97;5.700;208.5;24.19;
1-915;15.24;49.97;5.700;208.5;24.22;
1-916;15.26;49.97;5.800;208.5;24.25;
1-917;15.28;49.97;5.800;208.5;24.28;
1-918;15.29;49.97;5.700;208.5;24.31;
1-919;15.31;49.97;5.800;208.5;24.34;
1-920;15.33;49.97;5.800;208.5;24.37;
1-921;15.34;49.97;5.800;208.5;24.40;
1-922;15.36;49.97;5.800;208.6;24.43;
1-923;15.38;49.97;5.900;208.6;24.46;
1-924;15.39;49.97;5.800;208.6;24.49;
1-925;15.41;49.97;5.900;208.6;24.52;
1-926;15.43;49.97;5.900;208.6;24.55;
1-927;15.44;49.97;6.000;208.6;24.58;
1-928;15.46;49.97;6.000;208.6;24.61;
1-929;15.48;49.97;6.000;208.7;24.64;
1-930;15.49;49.97;6.200;208.7;24.68;
1-931;15.51;49.97;6.200;208.7;24.71;
1-932;15.53;49.97;6.300;208.7;24.74;
1-933;15.54;49.97;6.300;208.7;24.77;
1-934;15.56;49.97;6.300;208.7;24.81;
1-935;15.58;49.97;6.300;208.7;24.84;
1-936;15.59;49.97;6.300;208.7;24.87;
1-937;15.61;49.97;6.300;208.8;24.91;
1-938;15.63;49.97;6.400;208.8;24.94;
1-939;15.64;49.97;6.500;208.8;24.97;
1-940;15.66;49.97;6.400;208.8;25.01;
1-941;15.68;49.97;6.600;208.8;25.04;
1-942;15.69;49.97;6.500;208.8;25.07;
1-943;15.71;49.97;6.600;208.8;25.11;
1-944;15.73;49.97;6.600;208.8;25.14;
1-945;15.74;49.97;6.800;208.9;25.18;
1-946;15.76;49.97;6.700;208.9;25.21;
1-947;15.78;49.97;6.800;208.9;25.25;
1-948;15.79;49.97;6.900;208.9;25.28;
1-949;15.81;49.97;6.800;208.9;25.32;
1-950;15.83;49.97;7.000;209.0;25.36;
1-951;15.84;49.97;7.000;209.0;25.39;
1-952;15.86;49.97;7.100;209.0;25.43;
1-953;15.88;49.97;7.200;209.0;25.47;
1-954;15.89;49.97;7.300;209.0;25.51;
1-955;15.91;49.97;7.200;209.0;25.54;
1-956;15.93;49.97;7.400;209.0;25.58;
1-957;15.94;49.97;7.500;209.1;25.62;
1-958;15.96;49.97;7.500;209.1;25.66;
1-959;15.98;49.97;7.600;209.1;25.70;
1-960;15.99;49.97;7.600;209.2;25.74;
1-961;16.01;49.97;7.600;209.2;25.78;
1-962;16.03;49.97;7.700;209.2;25.82;
1-963;16.04;49.97;7.900;209.2;25.86;
1-964;16.06;49.97;8.000;209.2;25.90;
1-965;16.08;49.97;7.900;209.3;25.94;
1-966;16.09;49.97;8.000;209.3;25.98;
1-967;16.11;49.97;7.900;209.4;26.03;
1-968;16.13;49.97;8.200;209.4;26.07;
1-969;16.14;49.97;8.200;209.4;26.11;
1-970;16.16;49.97;8.400;209.4;26.15;
1-971;16.18;49.97;8.400;209.5;26.20;
1-972;16.19;49.97;8.500;209.5;26.24;
1-973;16.21;49.97;8.500;209.5;26.29;
1-974;16.23;49.97;8.700;209.6;26.33;
1-975;16.24;49.97;8.900;209.6;26.38;
1-976;16.26;49.97;8.900;209.6;26.43;
1-977;16.28;49.97;8.900;209.7;26.47;
1-978;16.29;49.97;9.000;209.7;26.52;
1-979;16.31;49.97;9.000;209.8;26.57;
1-980;16.33;49.97;9.100;209.8;26.61;
1-981;16.34;49.97;9.400;209.8;26.66;
1-982;16.36;49.97;9.600;209.9;26.71;
1-983;16.38;49.97;9.300;209.9;26.76;
1-984;16.39;49.97;9.600;210.0;26.81;
1-985;16.41;49.97;9.400;210.0;26.86;
1-986;16.43;49.97;9.700;210.0;26.91;
1-987;16.44;49.97;9.600;210.1;26.96;
1-988;16.46;49.97;9.900;210.1;27.01;
1-989;16.48;49.97;9.700;210.2;27.06;
1-990;16.49;49.97;10.00;210.2;27.11;
1-991;16.51;49.97;9.900;210.3;27.17;
1-992;16.53;49.97;10.20;210.3;27.22;
1-993;16.54;49.97;10.20;210.4;27.27;
1-994;16.56;49.97;10.50;210.4;27.33;
1-995;16.58;49.97;10.40;210.5;27.38;
1-996;16.59;49.97;10.60;210.6;27.44;
1-997;16.61;49.97;10.80;210.6;27.49;
1-998;16.63;49.97;11.00;210.7;27.55;
1-999;16.64;49.97;11.30;210.7;27.61;
1-1000;16.66;49.97;11.10;210.8;27.67;
1-1001;16.68;49.97;11.30;210.9;27.72;
1-1002;16.69;49.97;11.50;211.0;27.78;
1-1003;16.71;49.97;11.50;211.0;27.84;
1-1004;16.73;49.97;12.10;211.1;27.91;
1-1005;16.74;49.97;12.20;211.2;27.97;
1-1006;16.76;49.97;12.10;211.2;28.03;
1-1007;16.78;49.97;12.30;211.3;28.10;
1-1008;16.79;49.97;12.90;211.4;28.16;
1-1009;16.81;49.97;12.60;211.5;28.23;
1-1010;16.83;49.97;13.10;211.6;28.30;
1-1011;16.84;49.97;13.00;211.7;28.37;
1-1012;16.86;49.97;13.40;211.7;28.43;
1-1013;16.88;49.97;13.40;211.8;28.50;
1-1014;16.89;49.97;13.50;211.9;28.58;
1-1015;16.91;49.97;13.80;212.0;28.65;
1-1016;16.93;49.97;13.90;212.1;28.72;
1-1017;16.94;49.97;14.40;212.3;28.79;
1-1018;16.96;49.97;13.90;212.3;28.87;
1-1019;16.98;49.97;14.30;212.5;28.94;
1-1020;16.99;49.97;14.40;212.6;29.02;
1-1021;17.01;49.97;14.20;212.6;29.09;
1-1022;17.03;49.97;14.70;212.7;29.17;
1-1023;17.04;49.97;14.80;212.8;29.24;
1-1024;17.06;49.97;14.90;212.9;29.32;
1-1025;17.08;49.97;14.60;213.0;29.40;
1-1026;17.09;49.97;15.00;213.2;29.48;
1-1027;17.11;49.97;15.40;213.2;29.56;
1-1028;17.13;49.97;14.70;213.2;29.63;
1-1029;17.14;49.97;15.60;213.4;29.71;
1-1030;17.16;49.97;15.10;213.4;29.79;
1-1031;17.18;49.97;15.90;213.5;29.87;
1-1032;17.19;49.97;15.60;213.6;29.96;
1-1033;17.21;49.97;15.50;213.7;30.04;
1-1034;17.23;49.97;15.50;213.7;30.12;
1-1035;17.24;49.97;15.30;213.8;30.20;
1-1036;17.26;49.97;15.40;213.8;30.28;
1-1037;17.28;49.97;15.80;213.9;30.36;
1-1038;17.29;49.97;15.70;214.0;30.44;
1-1039;17.31;49.97;15.20;214.0;30.53;
1-1040;17.33;49.97;15.60;214.1;30.61;
1-1041;17.34;49.97;16.00;214.2;30.69;
1-1042;17.36;49.97;16.30;214.2;30.77;
1-1043;17.38;49.97;15.80;214.3;30.86;
1-1044;17.39;49.97;16.20;214.4;30.94;
1-1045;17.41;49.97;15.70;214.4;31.02;
1-1046;17.43;49.97;15.70;214.4;31.11;
1-1047;17.44;49.97;15.70;214.5;31.19;
1-1048;17.46;49.97;15.90;214.5;31.27;
1-1049;17.48;49.97;15.90;214.5;31.35;
1-1050;17.49;49.97;15.60;214.6;31.44;
1-1051;17.51;49.97;15.40;214.6;31.52;
1-1052;17.53;49.97;15.60;214.7;31.60;
1-1053;17.54;49.97;15.60;214.8;31.68;
1-1054;17.56;49.97;15.40;214.8;31.76;
1-1055;17.58;49.97;15.00;214.8;31.84;
1-1056;17.59;49.97;14.90;214.9;31.92;
1-1057;17.61;49.97;14.80;214.9;32.00;
1-1058;17.63;49.97;15.50;214.9;32.08;
1-1059;17.64;49.97;15.10;215.0;32.16;
1-1060;17.66;49.97;14.90;215.0;32.24;
1-1061;17.68;49.97;14.60;215.1;32.31;
1-1062;17.69;49.97;14.70;215.1;32.39;
1-1063;17.71;49.97;14.80;215.1;32.47;
1-1064;17.73;49.97;14.60;215.2;32.54;
1-1065;17.74;49.97;14.50;215.2;32.62;
1-1066;17.76;49.97;14.20;215.2;32.69;
1-1067;17.78;49.97;13.80;215.3;32.77;
1-1068;17.79;49.97;13.50;215.3;32.84;
1-1069;17.81;49.97;13.80;215.3;32.91;
1-1070;17.83;49.97;13.90;215.3;32.98;
1-1071;17.84;49.97;14.40;215.4;33.06;
1-1072;17.86;49.97;13.70;215.4;33.13;
1-1073;17.88;49.97;13.80;215.4;33.20;
1-1074;17.89;49.97;13.40;215.4;33.27;
1-1075;17.91;49.97;13.30;215.5;33.34;
1-1076;17.93;49.97;12.80;215.5;33.41;
1-1077;17.94;49.97;12.60;215.5;33.48;
1-1078;17.96;49.97;12.70;215.5;33.55;
1-1079;17.98;49.97;12.60;215.5;33.61;
1-1080;17.99;49.97;12.10;215.5;33.68;
1-1081;18.01;49.97;12.30;215.5;33.74;
1-1082;18.03;49.97;12.40;215.5;33.80;
1-1083;18.04;49.97;12.10;215.5;33.87;
1-1084;18.06;49.97;11.80;215.5;33.93;
1-1085;18.08;49.97;11.60;215.5;33.99;
1-1086;18.09;49.97;10.90;215.5;34.05;
1-1087;18.11;49.97;10.60;215.5;34.11;
1-1088;18.13;49.97;11.00;215.5;34.16;
1-1089;18.14;49.97;10.40;215.5;34.22;
1-1090;18.16;49.97;10.30;215.5;34.27;
1-1091;18.18;49.97;10.20;215.5;34.33;
1-1092;18.19;49.97;9.600;215.4;34.38;
1-1093;18.21;49.97;9.700;215.4;34.43;
1-1094;18.23;49.97;9.300;215.4;34.48;
1-1095;18.24;49.97;8.900;215.4;34.53;
1-1096;18.26;49.97;9.300;215.3;34.57;
1-1097;18.28;49.97;9.200;215.3;34.62;
1-1098;18.29;49.97;8.400;215.2;34.67;
1-1099;18.31;49.97;8.700;215.2;34.71;
1-1100;18.33;49.97;8.600;215.2;34.76;
1-1101;18.34;49.97;8.000;215.2;34.80;
1-1102;18.36;49.97;8.000;215.1;34.84;
1-1103;18.38;49.97;7.800;215.1;34.89;
1-1104;18.39;49.97;7.500;215.0;34.93;
1-1105;18.41;49.97;7.500;215.0;34.97;
1-1106;18.43;49.97;7.900;214.9;35.01;
1-1107;18.44;49.97;7.500;214.9;35.05;
1-1108;18.46;49.97;7.700;214.8;35.09;
1-1109;18.48;49.97;7.700;214.8;35.13;
1-1110;18.49;49.97;7.400;214.8;35.17;
1-1111;18.51;49.97;7.300;214.7;35.20;
1-1112;18.53;49.97;7.200;214.7;35.24;
1-1113;18.54;49.97;7.200;214.6;35.28;
1-1114;18.56;49.97;7.400;214.6;35.32;
1-1115;18.58;49.97;7.200;214.6;35.36;
1-1116;18.59;49.97;7.000;214.5;35.39;
1-1117;18.61;49.97;7.200;214.5;35.43;
1-1118;18.63;49.97;7.000;214.4;35.47;
1-1119;18.64;49.97;7.000;214.4;35.50;
1-1120;18.66;49.97;7.100;214.3;35.54;
1-1121;18.68;49.97;7.100;214.3;35.58;
1-1122;18.69;49.97;7.000;214.2;35.62;
1-1123;18.71;49.97;7.300;214.1;35.65;
1-1124;18.73;49.97;6.900;214.1;35.69;
1-1125;18.74;49.97;7.100;214.1;35.73;
1-1126;18.76;49.97;6.700;214.1;35.76;
1-1127;18.78;49.97;7.100;214.0;35.80;
1-1128;18.79;49.97;7.100;214.0;35.84;
1-1129;18.81;49.97;6.800;214.0;35.87;
1-1130;18.83;49.97;7.300;213.9;35.91;
1-1131;18.84;49.97;7.600;213.8;35.95;
1-1132;18.86;49.97;7.200;213.8;35.99;
1-1133;18.88;49.97;6.900;213.8;36.02;
1-1134;18.89;49.97;7.400;213.8;36.06;
1-1135;18.91;49.97;7.200;213.7;36.10;
1-1136;18.93;49.97;7.000;213.7;36.14;
1-1137;18.94;49.97;7.500;213.7;36.17;
1-1138;18.96;49.97;6.800;213.7;36.21;
1-1139;18.98;49.97;6.700;213.6;36.25;
1-1140;18.99;49.97;7.000;213.6;36.28;
1-1141;19.01;49.97;7.400;213.5;36.32;
1-1142;19.03;49.97;7.200;213.5;36.36;
1-1143;19.04;49.97;7.200;213.5;36.40;
1-1144;19.06;49.97;7.400;213.4;36.43;
1-1145;19.08;49.97;7.200;213.4;36.47;
1-1146;19.09;49.97;7.300;213.4;36.51;
1-1147;19.11;49.97;7.400;213.4;36.55;
1-1148;19.13;49.97;8.600;213.3;36.59;
1-1149;19.14;49.97;7.400;213.3;36.63;
1-1150;19.16;49.97;7.400;213.3;36.67;
1-1151;19.18;49.97;7.400;213.2;36.71;
1-1152;19.19;49.97;7.600;213.2;36.75;
1-1153;19.21;49.97;7.400;213.2;36.79;
1-1154;19.23;49.97;8.300;213.2;36.83;
1-1155;19.24;49.97;7.500;213.2;36.87;
1-1156;19.26;49.97;8.300;213.2;36.91;
1-1157;19.28;49.97;7.200;213.2;36.95;
1-1158;19.29;49.97;7.500;213.2;36.99;
1-1159;19.31;49.97;7.200;213.2;37.03;
1-1160;19.33;49.97;8.300;213.2;37.07;
1-1161;19.34;49.97;8.100;213.2;37.11;
1-1162;19.36;49.97;8.500;213.2;37.16;
1-1163;19.38;49.97;7.900;213.2;37.20;
1-1164;19.39;49.97;8.100;213.2;37.24;
1-1165;19.41;49.97;8.000;213.2;37.28;
1-1166;19.43;49.97;8.600;213.2;37.33;
1-1167;19.44;49.97;7.900;213.2;37.37;
1-1168;19.46;49.97;8.000;213.1;37.41;
1-1169;19.48;49.97;8.400;213.2;37.46;
1-1170;19.49;49.97;8.300;213.2;37.50;
1-1171;19.51;49.97;8.000;213.2;37.54;
1-1172;19.53;49.97;8.000;213.2;37.58;
1-1173;19.54;49.97;8.200;213.2;37.63;
1-1174;19.56;49.97;7.700;213.2;37.67;
1-1175;19.58;49.97;8.100;213.2;37.71;
1-1176;19.59;49.97;7.600;213.2;37.75;
1-1177;19.61;49.97;8.200;213.2;37.79;
1-1178;19.63;49.97;8.000;213.2;37.83;
1-1179;19.64;49.97;7.700;213.2;37.87;
1-1180;19.66;49.97;7.900;213.2;37.92;
1-1181;19.68;49.97;8.500;213.2;37.96;
1-1182;19.69;49.97;7.900;213.2;38.00;
1-1183;19.71;49.97;7.800;213.2;38.04;
1-1184;19.73;49.97;8.200;213.2;38.08;
1-1185;19.74;49.97;8.000;213.2;38.13;
1-1186;19.76;49.97;8.100;213.2;38.17;
1-1187;19.78;49.97;8.000;213.2;38.21;
1-1188;19.79;49.97;8.600;213.2;38.25;
1-1189;19.81;49.97;8.100;213.2;38.30;
1-1190;19.83;49.97;8.200;213.1;38.34;
1-1191;19.84;49.97;8.600;213.1;38.38;
1-1192;19.86;49.97;9.200;213.1;38.43;
1-1193;19.88;49.97;9.000;213.2;38.48;
1-1194;19.89;49.97;9.000;213.2;38.53;
1-1195;19.91;49.97;10.10;213.2;38.58;
1-1196;19.93;49.97;8.900;213.2;38.63;
1-1197;19.94;49.97;8.000;213.2;38.67;
1-1198;19.96;49.97;9.100;213.2;38.71;
1-1199;19.98;49.97;10.70;213.2;38.77;
1-1200;19.99;49.97;9.200;213.2;38.82;
1-1201;20.01;49.97;9.800;213.2;38.87;
1-1202;20.03;49.97;11.30;213.2;38.92;
1-1203;20.04;49.97;9.300;213.2;38.98;
1-1204;20.06;49.97;8.500;213.3;39.02;
1-1205;20.08;49.97;9.400;213.3;39.07;
1-1206;20.09;49.97;10.40;213.3;39.12;
1-1207;20.11;49.97;9.000;213.3;39.17;
1-1208;20.13;49.97;9.000;213.3;39.22;
1-1209;20.14;49.97;10.10;213.3;39.27;
1-1210;20.16;49.97;8.700;213.3;39.32;
1-1211;20.18;49.97;8.900;213.4;39.37;
1-1212;20.19;49.97;8.800;213.4;39.41;
1-1213;20.21;49.97;9.800;213.3;39.46;
1-1214;20.23;49.97;8.800;213.3;39.51;
1-1215;20.24;49.97;8.900;213.3;39.56;
1-1216;20.26;49.97;9.600;213.3;39.60;
1-1217;20.28;49.97;8.800;213.3;39.65;
1-1218;20.29;49.97;9.200;213.3;39.70;
1-1219;20.31;49.97;9.000;213.3;39.75;

