D:\Documents and Settings\All Users\Documents\Thermo\PolySoft\Projects\JanLDHTEST Dec2015.pmp\JanDec_0012.pld


 ;t [min];Revolution Speed [1/min];Torque [Nm];TM [°C];E [kJ];
1-1;0.008333;49.97;35.50;168.7;0.02322;
1-2;0.02500;49.97;29.00;164.5;0.192;
1-3;0.04167;49.97;25.90;156.9;0.336;
1-4;0.05833;49.97;23.70;154.4;0.465;
1-5;0.07500;49.97;22.20;150.3;0.586;
1-6;0.09167;49.97;21.60;148.6;0.700;
1-7;0.108;49.97;20.60;148.3;0.811;
1-8;0.125;49.97;20.00;148.4;0.917;
1-9;0.142;49.97;19.90;148.6;1.021;
1-10;0.158;49.97;18.80;148.8;1.122;
1-11;0.175;49.97;18.30;149.5;1.220;
1-12;0.192;49.97;17.90;150.3;1.314;
1-13;0.208;49.97;17.60;150.6;1.407;
1-14;0.225;49.97;17.20;151.5;1.498;
1-15;0.242;49.97;16.70;152.8;1.587;
1-16;0.258;49.97;15.80;153.5;1.672;
1-17;0.275;49.97;15.80;154.8;1.755;
1-18;0.292;49.97;15.30;156.1;1.836;
1-19;0.308;49.97;15.00;156.8;1.915;
1-20;0.325;49.97;14.60;158.2;1.993;
1-21;0.342;49.97;13.90;159.6;2.067;
1-22;0.358;49.97;13.20;160.4;2.138;
1-23;0.375;49.97;13.20;161.6;2.207;
1-24;0.392;49.97;12.70;162.9;2.275;
1-25;0.408;49.97;12.40;163.5;2.341;
1-26;0.425;49.97;12.30;164.8;2.405;
1-27;0.442;49.97;11.80;166.0;2.468;
1-28;0.458;49.97;11.30;166.6;2.529;
1-29;0.475;49.97;11.00;167.7;2.587;
1-30;0.492;49.97;10.60;168.7;2.644;
1-31;0.508;49.97;10.30;169.2;2.698;
1-32;0.525;49.97;9.900;170.1;2.751;
1-33;0.542;49.97;9.800;171.1;2.803;
1-34;0.558;49.97;9.400;171.5;2.853;
1-35;0.575;49.97;9.200;172.4;2.902;
1-36;0.592;49.97;8.900;173.2;2.949;
1-37;0.608;49.97;8.800;173.6;2.995;
1-38;0.625;49.97;8.700;174.3;3.041;
1-39;0.642;49.97;8.600;175.0;3.087;
1-40;0.658;49.97;8.400;175.3;3.131;
1-41;0.675;49.97;8.200;175.9;3.174;
1-42;0.692;49.97;8.100;176.5;3.217;
1-43;0.708;49.97;8.000;176.8;3.259;
1-44;0.725;49.97;8.000;177.3;3.301;
1-45;0.742;49.97;7.800;177.8;3.342;
1-46;0.758;49.97;7.800;178.1;3.383;
1-47;0.775;49.97;7.600;178.6;3.424;
1-48;0.792;49.97;7.500;179.1;3.463;
1-49;0.808;49.97;7.500;179.3;3.502;
1-50;0.825;49.97;7.300;179.8;3.541;
1-51;0.842;49.97;7.400;180.2;3.580;
1-52;0.858;49.97;7.200;180.4;3.618;
1-53;0.875;49.97;7.200;180.9;3.655;
1-54;0.892;49.97;7.100;181.2;3.693;
1-55;0.908;49.97;7.100;181.4;3.730;
1-56;0.925;49.97;7.000;181.8;3.767;
1-57;0.942;49.97;7.000;182.2;3.803;
1-58;0.958;49.97;6.900;182.3;3.840;
1-59;0.975;49.97;6.800;182.7;3.876;
1-60;0.992;49.97;6.800;183.0;3.911;
1-61;1.008;49.97;6.700;183.2;3.947;
1-62;1.025;49.97;6.700;183.4;3.982;
1-63;1.042;49.97;6.700;183.7;4.017;
1-64;1.058;49.97;6.600;183.9;4.052;
1-65;1.075;49.97;6.600;184.2;4.086;
1-66;1.092;49.97;6.500;184.5;4.120;
1-67;1.108;49.97;6.500;184.6;4.154;
1-68;1.125;49.97;6.500;184.9;4.188;
1-69;1.142;49.97;6.500;185.2;4.222;
1-70;1.158;49.97;6.400;185.4;4.256;
1-71;1.175;49.97;6.400;185.5;4.290;
1-72;1.192;49.97;6.300;185.7;4.323;
1-73;1.208;49.97;6.300;185.9;4.356;
1-74;1.225;49.97;6.300;186.0;4.389;
1-75;1.242;49.97;6.300;186.3;4.422;
1-76;1.258;49.97;6.200;186.5;4.455;
1-77;1.275;49.97;6.200;186.6;4.487;
1-78;1.292;49.97;6.200;186.8;4.519;
1-79;1.308;49.97;6.100;187.1;4.552;
1-80;1.325;49.97;6.100;187.2;4.584;
1-81;1.342;49.97;6.100;187.4;4.615;
1-82;1.358;49.97;6.100;187.5;4.647;
1-83;1.375;49.97;6.000;187.6;4.679;
1-84;1.392;49.97;6.000;187.8;4.710;
1-85;1.408;49.97;5.900;188.0;4.742;
1-86;1.425;49.97;6.000;188.1;4.773;
1-87;1.442;49.97;5.900;188.2;4.804;
1-88;1.458;49.97;5.900;188.4;4.835;
1-89;1.475;49.97;5.900;188.5;4.866;
1-90;1.492;49.97;5.800;188.6;4.896;
1-91;1.508;49.97;5.800;188.8;4.927;
1-92;1.525;49.97;5.800;188.8;4.957;
1-93;1.542;49.97;5.800;189.0;4.987;
1-94;1.558;49.97;5.800;189.2;5.018;
1-95;1.575;49.97;5.700;189.2;5.048;
1-96;1.592;49.97;5.800;189.4;5.078;
1-97;1.608;49.97;5.700;189.5;5.108;
1-98;1.625;49.97;5.800;189.5;5.138;
1-99;1.642;49.97;5.700;189.7;5.168;
1-100;1.658;49.97;5.800;189.8;5.198;
1-101;1.675;49.97;5.600;189.9;5.228;
1-102;1.692;49.97;5.600;190.0;5.257;
1-103;1.708;49.97;5.500;190.2;5.286;
1-104;1.725;49.97;5.600;190.2;5.315;
1-105;1.742;49.97;5.500;190.4;5.344;
1-106;1.758;49.97;5.500;190.5;5.373;
1-107;1.775;49.97;5.600;190.6;5.402;
1-108;1.792;49.97;5.500;190.7;5.431;
1-109;1.808;49.97;5.500;190.8;5.460;
1-110;1.825;49.97;5.500;190.9;5.489;
1-111;1.842;49.97;5.500;191.0;5.518;
1-112;1.858;49.97;5.500;191.2;5.546;
1-113;1.875;49.97;5.400;191.2;5.575;
1-114;1.892;49.97;5.500;191.3;5.603;
1-115;1.908;49.97;5.400;191.4;5.632;
1-116;1.925;49.97;5.400;191.5;5.660;
1-117;1.942;49.97;5.400;191.6;5.689;
1-118;1.958;49.97;5.500;191.8;5.717;
1-119;1.975;49.97;5.400;191.9;5.746;
1-120;1.992;49.97;5.400;192.0;5.774;
1-121;2.008;49.97;5.400;192.1;5.802;
1-122;2.025;49.97;5.400;192.2;5.830;
1-123;2.042;49.97;5.400;192.3;5.859;
1-124;2.058;49.97;5.400;192.5;5.887;
1-125;2.075;49.97;5.400;192.5;5.915;
1-126;2.092;49.97;5.300;192.7;5.943;
1-127;2.108;49.97;5.300;192.8;5.971;
1-128;2.125;49.97;5.200;192.8;5.998;
1-129;2.142;49.97;5.300;193.0;6.026;
1-130;2.158;49.97;5.300;193.1;6.054;
1-131;2.175;49.97;5.300;193.1;6.081;
1-132;2.192;49.97;5.300;193.3;6.109;
1-133;2.208;49.97;5.100;193.4;6.136;
1-134;2.225;49.97;5.200;193.4;6.163;
1-135;2.242;49.97;5.200;193.6;6.190;
1-136;2.258;49.97;5.200;193.7;6.218;
1-137;2.275;49.97;5.100;193.8;6.245;
1-138;2.292;49.97;5.100;193.9;6.271;
1-139;2.308;49.97;5.100;194.0;6.298;
1-140;2.325;49.97;5.100;194.1;6.325;
1-141;2.342;49.97;5.100;194.3;6.351;
1-142;2.358;49.97;5.100;194.4;6.378;
1-143;2.375;49.97;5.100;194.5;6.405;
1-144;2.392;49.97;5.000;194.6;6.431;
1-145;2.408;49.97;5.000;194.7;6.457;
1-146;2.425;49.97;5.000;194.8;6.483;
1-147;2.442;49.97;5.000;194.9;6.510;
1-148;2.458;49.97;5.000;195.0;6.536;
1-149;2.475;49.97;4.900;195.1;6.562;
1-150;2.492;49.97;5.000;195.2;6.588;
1-151;2.508;49.97;4.900;195.3;6.614;
1-152;2.525;49.97;5.000;195.4;6.639;
1-153;2.542;49.97;4.900;195.5;6.665;
1-154;2.558;49.97;5.000;195.6;6.691;
1-155;2.575;49.97;4.900;195.6;6.717;
1-156;2.592;49.97;4.900;195.7;6.743;
1-157;2.608;49.97;4.900;195.8;6.768;
1-158;2.625;49.97;4.900;195.9;6.794;
1-159;2.642;49.97;4.800;196.0;6.819;
1-160;2.658;49.97;4.800;196.0;6.845;
1-161;2.675;49.97;4.800;196.0;6.870;
1-162;2.692;49.97;4.800;196.2;6.895;
1-163;2.708;49.97;4.800;196.2;6.920;
1-164;2.725;49.97;4.800;196.3;6.945;
1-165;2.742;49.97;4.800;196.3;6.970;
1-166;2.758;49.97;4.800;196.4;6.995;
1-167;2.775;49.97;4.800;196.4;7.020;
1-168;2.792;49.97;4.800;196.5;7.046;
1-169;2.808;49.97;4.700;196.6;7.070;
1-170;2.825;49.97;4.800;196.6;7.095;
1-171;2.842;49.97;4.700;196.8;7.120;
1-172;2.858;49.97;4.700;196.8;7.145;
1-173;2.875;49.97;4.700;196.9;7.169;
1-174;2.892;49.97;4.800;196.9;7.194;
1-175;2.908;49.97;4.700;197.0;7.219;
1-176;2.925;49.97;4.700;197.1;7.244;
1-177;2.942;49.97;4.700;197.1;7.268;
1-178;2.958;49.97;4.700;197.2;7.293;
1-179;2.975;49.97;4.700;197.3;7.317;
1-180;2.992;49.97;4.600;197.3;7.342;
1-181;3.008;49.97;4.700;197.4;7.366;
1-182;3.025;49.97;4.600;197.4;7.390;
1-183;3.042;49.97;4.700;197.5;7.415;
1-184;3.058;49.97;4.700;197.6;7.439;
1-185;3.075;49.97;4.600;197.6;7.464;
1-186;3.092;49.97;4.700;197.7;7.488;
1-187;3.108;49.97;4.600;197.8;7.512;
1-188;3.125;49.97;4.600;197.8;7.536;
1-189;3.142;49.97;4.600;197.8;7.560;
1-190;3.158;49.97;4.600;198.0;7.585;
1-191;3.175;49.97;4.600;198.0;7.609;
1-192;3.192;49.97;4.600;198.0;7.633;
1-193;3.208;49.97;4.500;198.1;7.656;
1-194;3.225;49.97;4.500;198.1;7.680;
1-195;3.242;49.97;4.600;198.2;7.704;
1-196;3.258;49.97;4.600;198.2;7.728;
1-197;3.275;49.97;4.600;198.3;7.752;
1-198;3.292;49.97;4.500;198.4;7.776;
1-199;3.308;49.97;4.500;198.4;7.799;
1-200;3.325;49.97;4.500;198.4;7.823;
1-201;3.342;49.97;4.500;198.5;7.846;
1-202;3.358;49.97;4.500;198.6;7.870;
1-203;3.375;49.97;4.500;198.6;7.894;
1-204;3.392;49.97;4.500;198.7;7.917;
1-205;3.408;49.97;4.400;198.7;7.940;
1-206;3.425;49.97;4.400;198.8;7.963;
1-207;3.442;49.97;4.300;198.8;7.986;
1-208;3.458;49.97;4.400;198.9;8.009;
1-209;3.475;49.97;4.300;198.9;8.032;
1-210;3.492;49.97;4.300;199.0;8.054;
1-211;3.508;49.97;4.300;199.0;8.077;
1-212;3.525;49.97;4.200;199.0;8.099;
1-213;3.542;49.97;4.300;199.1;8.121;
1-214;3.558;49.97;4.300;199.2;8.144;
1-215;3.575;49.97;4.300;199.2;8.166;
1-216;3.592;49.97;4.200;199.2;8.188;
1-217;3.608;49.97;4.200;199.3;8.210;
1-218;3.625;49.97;4.200;199.3;8.232;
1-219;3.642;49.97;4.300;199.4;8.255;
1-220;3.658;49.97;4.200;199.4;8.277;
1-221;3.675;49.97;4.200;199.5;8.299;
1-222;3.692;49.97;4.200;199.5;8.321;
1-223;3.708;49.97;4.200;199.6;8.343;
1-224;3.725;49.97;4.200;199.6;8.365;
1-225;3.742;49.97;4.200;199.6;8.387;
1-226;3.758;49.97;4.200;199.7;8.409;
1-227;3.775;49.97;4.200;199.7;8.431;
1-228;3.792;49.97;4.200;199.8;8.453;
1-229;3.808;49.97;4.200;199.8;8.475;
1-230;3.825;49.97;4.200;199.9;8.497;
1-231;3.842;49.97;4.200;199.9;8.519;
1-232;3.858;49.97;4.200;200.0;8.541;
1-233;3.875;49.97;4.200;200.0;8.563;
1-234;3.892;49.97;4.200;200.0;8.585;
1-235;3.908;49.97;4.200;200.1;8.607;
1-236;3.925;49.97;4.200;200.1;8.629;
1-237;3.942;49.97;4.200;200.2;8.651;
1-238;3.958;49.97;4.200;200.2;8.673;
1-239;3.975;49.97;4.200;200.2;8.695;
1-240;3.992;49.97;4.200;200.3;8.716;
1-241;4.008;49.97;4.200;200.4;8.738;
1-242;4.025;49.97;4.100;200.4;8.760;
1-243;4.042;49.97;4.100;200.4;8.782;
1-244;4.058;49.97;4.100;200.5;8.803;
1-245;4.075;49.97;4.100;200.5;8.825;
1-246;4.092;49.97;4.100;200.5;8.846;
1-247;4.108;49.97;4.200;200.6;8.868;
1-248;4.125;49.97;4.100;200.6;8.890;
1-249;4.142;49.97;4.200;200.6;8.912;
1-250;4.159;49.97;4.100;200.7;8.933;
1-251;4.175;49.97;4.100;200.7;8.955;
1-252;4.192;49.97;4.100;200.8;8.976;
1-253;4.209;49.97;4.100;200.8;8.998;
1-254;4.225;49.97;4.100;200.9;9.019;
1-255;4.242;49.97;4.100;200.9;9.041;
1-256;4.259;49.97;4.100;200.9;9.062;
1-257;4.275;49.97;4.100;201.0;9.083;
1-258;4.292;49.97;4.100;201.0;9.105;
1-259;4.309;49.97;4.100;201.0;9.126;
1-260;4.325;49.97;4.000;201.1;9.148;
1-261;4.342;49.97;4.000;201.1;9.168;
1-262;4.359;49.97;4.100;201.2;9.190;
1-263;4.375;49.97;4.000;201.2;9.211;
1-264;4.392;49.97;4.000;201.2;9.232;
1-265;4.409;49.97;4.000;201.3;9.253;
1-266;4.425;49.97;4.000;201.3;9.274;
1-267;4.442;49.97;4.000;201.3;9.295;
1-268;4.459;49.97;4.000;201.4;9.316;
1-269;4.475;49.97;4.000;201.4;9.336;
1-270;4.492;49.97;4.000;201.4;9.357;
1-271;4.509;49.97;4.000;201.4;9.378;
1-272;4.525;49.97;4.000;201.5;9.399;
1-273;4.542;49.97;4.000;201.5;9.420;
1-274;4.559;49.97;4.000;201.6;9.441;
1-275;4.575;49.97;4.000;201.6;9.462;
1-276;4.592;49.97;4.000;201.6;9.483;
1-277;4.609;49.97;4.000;201.7;9.504;
1-278;4.625;49.97;4.000;201.7;9.525;
1-279;4.642;49.97;4.000;201.7;9.546;
1-280;4.659;49.97;4.000;201.8;9.567;
1-281;4.675;49.97;4.000;201.8;9.588;
1-282;4.692;49.97;3.900;201.8;9.608;
1-283;4.709;49.97;4.000;201.9;9.629;
1-284;4.725;49.97;3.900;201.9;9.650;
1-285;4.742;49.97;4.000;201.9;9.670;
1-286;4.759;49.97;3.900;202.0;9.691;
1-287;4.775;49.97;4.000;202.0;9.712;
1-288;4.792;49.97;3.900;202.0;9.732;
1-289;4.809;49.97;3.900;202.0;9.753;
1-290;4.825;49.97;3.900;202.1;9.773;
1-291;4.842;49.97;3.900;202.1;9.794;
1-292;4.859;49.97;4.000;202.1;9.814;
1-293;4.875;49.97;3.900;202.2;9.835;
1-294;4.892;49.97;3.900;202.2;9.855;
1-295;4.909;49.97;3.900;202.2;9.876;
1-296;4.925;49.97;3.900;202.3;9.896;
1-297;4.942;49.97;3.900;202.3;9.917;
1-298;4.959;49.97;3.900;202.3;9.937;
1-299;4.975;49.97;3.900;202.4;9.957;
1-300;4.992;49.97;3.900;202.4;9.978;
1-301;5.009;49.97;3.900;202.4;9.998;
1-302;5.025;49.97;3.800;202.4;10.02;
1-303;5.042;49.97;3.900;202.4;10.04;
1-304;5.059;49.97;3.800;202.5;10.06;
1-305;5.075;49.97;3.900;202.6;10.08;
1-306;5.092;49.97;3.900;202.6;10.10;
1-307;5.109;49.97;3.900;202.6;10.12;
1-308;5.125;49.97;3.800;202.6;10.14;
1-309;5.142;49.97;3.800;202.6;10.16;
1-310;5.159;49.97;3.800;202.7;10.18;
1-311;5.175;49.97;3.800;202.7;10.20;
1-312;5.192;49.97;3.800;202.7;10.22;
1-313;5.209;49.97;3.800;202.7;10.24;
1-314;5.225;49.97;3.800;202.7;10.26;
1-315;5.242;49.97;3.800;202.8;10.28;
1-316;5.259;49.97;3.800;202.8;10.30;
1-317;5.275;49.97;3.800;202.8;10.32;
1-318;5.292;49.97;3.800;202.8;10.34;
1-319;5.309;49.97;3.800;202.9;10.36;
1-320;5.325;49.97;3.800;202.9;10.38;
1-321;5.342;49.97;3.800;202.9;10.40;
1-322;5.359;49.97;3.800;203.0;10.42;
1-323;5.375;49.97;3.800;203.0;10.44;
1-324;5.392;49.97;3.800;203.0;10.46;
1-325;5.409;49.97;3.800;203.0;10.48;
1-326;5.425;49.97;3.800;203.1;10.50;
1-327;5.442;49.97;3.800;203.1;10.52;
1-328;5.459;49.97;3.800;203.1;10.54;
1-329;5.475;49.97;3.800;203.2;10.56;
1-330;5.492;49.97;3.800;203.2;10.58;
1-331;5.509;49.97;3.800;203.2;10.60;
1-332;5.525;49.97;3.800;203.2;10.62;
1-333;5.542;49.97;3.700;203.2;10.64;
1-334;5.559;49.97;3.800;203.2;10.66;
1-335;5.575;49.97;3.800;203.3;10.68;
1-336;5.592;49.97;3.800;203.3;10.70;
1-337;5.609;49.97;3.800;203.3;10.72;
1-338;5.625;49.97;3.800;203.4;10.74;
1-339;5.642;49.97;3.800;203.4;10.76;
1-340;5.659;49.97;3.800;203.4;10.78;
1-341;5.675;49.97;3.800;203.4;10.80;
1-342;5.692;49.97;3.700;203.4;10.82;
1-343;5.709;49.97;3.700;203.4;10.83;
1-344;5.725;49.97;3.700;203.5;10.85;
1-345;5.742;49.97;3.700;203.5;10.87;
1-346;5.759;49.97;3.700;203.5;10.89;
1-347;5.775;49.97;3.700;203.5;10.91;
1-348;5.792;49.97;3.700;203.5;10.93;
1-349;5.809;49.97;3.700;203.6;10.95;
1-350;5.825;49.97;3.700;203.6;10.97;
1-351;5.842;49.97;3.700;203.6;10.99;
1-352;5.859;49.97;3.700;203.6;11.01;
1-353;5.875;49.97;3.700;203.6;11.03;
1-354;5.892;49.97;3.700;203.6;11.05;
1-355;5.909;49.97;3.700;203.7;11.07;
1-356;5.925;49.97;3.700;203.7;11.09;
1-357;5.942;49.97;3.700;203.7;11.11;
1-358;5.959;49.97;3.700;203.8;11.12;
1-359;5.975;49.97;3.700;203.8;11.14;
1-360;5.992;49.97;3.700;203.8;11.16;
1-361;6.009;49.97;3.700;203.8;11.18;
1-362;6.025;49.97;3.700;203.8;11.20;
1-363;6.042;49.97;3.700;203.8;11.22;
1-364;6.059;49.97;3.700;203.8;11.24;
1-365;6.075;49.97;3.700;203.8;11.26;
1-366;6.092;49.97;3.800;203.9;11.28;
1-367;6.109;49.97;3.700;203.9;11.30;
1-368;6.125;49.97;3.800;203.9;11.32;
1-369;6.142;49.97;3.700;203.9;11.34;
1-370;6.159;49.97;3.700;204.0;11.36;
1-371;6.175;49.97;3.700;204.0;11.38;
1-372;6.192;49.97;3.700;204.0;11.40;
1-373;6.209;49.97;3.700;204.0;11.42;
1-374;6.225;49.97;3.700;204.0;11.44;
1-375;6.242;49.97;3.700;204.0;11.46;
1-376;6.259;49.97;3.700;204.1;11.47;
1-377;6.275;49.97;3.700;204.1;11.49;
1-378;6.292;49.97;3.700;204.1;11.51;
1-379;6.309;49.97;3.700;204.1;11.53;
1-380;6.325;49.97;3.700;204.1;11.55;
1-381;6.342;49.97;3.700;204.2;11.57;
1-382;6.359;49.97;3.700;204.2;11.59;
1-383;6.375;49.97;3.700;204.2;11.61;
1-384;6.392;49.97;3.700;204.2;11.63;
1-385;6.409;49.97;3.700;204.2;11.65;
1-386;6.425;49.97;3.700;204.2;11.67;
1-387;6.442;49.97;3.700;204.3;11.69;
1-388;6.459;49.97;3.700;204.3;11.71;
1-389;6.475;49.97;3.700;204.3;11.73;
1-390;6.492;49.97;3.700;204.3;11.75;
1-391;6.509;49.97;3.700;204.3;11.76;
1-392;6.525;49.97;3.700;204.4;11.78;
1-393;6.542;49.97;3.700;204.4;11.80;
1-394;6.559;49.97;3.700;204.4;11.82;
1-395;6.575;49.97;3.700;204.4;11.84;
1-396;6.592;49.97;3.700;204.4;11.86;
1-397;6.609;49.97;3.700;204.5;11.88;
1-398;6.625;49.97;3.700;204.5;11.90;
1-399;6.642;49.97;3.600;204.5;11.92;
1-400;6.659;49.97;3.700;204.5;11.94;
1-401;6.675;49.97;3.700;204.5;11.96;
1-402;6.692;49.97;3.700;204.5;11.98;
1-403;6.709;49.97;3.700;204.5;12.00;
1-404;6.725;49.97;3.700;204.6;12.02;
1-405;6.742;49.97;3.700;204.6;12.04;
1-406;6.759;49.97;3.700;204.6;12.05;
1-407;6.775;49.97;3.700;204.6;12.07;
1-408;6.792;49.97;3.700;204.6;12.09;
1-409;6.809;49.97;3.700;204.6;12.11;
1-410;6.825;49.97;3.700;204.6;12.13;
1-411;6.842;49.97;3.700;204.7;12.15;
1-412;6.859;49.97;3.700;204.7;12.17;
1-413;6.875;49.97;3.700;204.7;12.19;
1-414;6.892;49.97;3.700;204.7;12.21;
1-415;6.909;49.97;3.700;204.7;12.23;
1-416;6.925;49.97;3.700;204.7;12.25;
1-417;6.942;49.97;3.600;204.8;12.27;
1-418;6.959;49.97;3.700;204.8;12.29;
1-419;6.975;49.97;3.700;204.8;12.31;
1-420;6.992;49.97;3.700;204.8;12.33;
1-421;7.009;49.97;3.700;204.8;12.34;
1-422;7.025;49.97;3.700;204.8;12.36;
1-423;7.042;49.97;3.700;204.8;12.38;
1-424;7.059;49.97;3.700;204.9;12.40;
1-425;7.075;49.97;3.700;204.9;12.42;
1-426;7.092;49.97;3.700;204.9;12.44;
1-427;7.109;49.97;3.700;204.9;12.46;
1-428;7.125;49.97;3.700;204.9;12.48;
1-429;7.142;49.97;3.700;204.9;12.50;
1-430;7.159;49.97;3.600;205.0;12.52;
1-431;7.175;49.97;3.700;205.0;12.54;
1-432;7.192;49.97;3.600;205.0;12.56;
1-433;7.209;49.97;3.600;205.0;12.58;
1-434;7.225;49.97;3.600;205.0;12.59;
1-435;7.242;49.97;3.600;205.0;12.61;
1-436;7.259;49.97;3.600;205.0;12.63;
1-437;7.275;49.97;3.600;205.0;12.65;
1-438;7.292;49.97;3.700;205.1;12.67;
1-439;7.309;49.97;3.600;205.1;12.69;
1-440;7.325;49.97;3.600;205.1;12.71;
1-441;7.342;49.97;3.600;205.1;12.73;
1-442;7.359;49.97;3.600;205.1;12.75;
1-443;7.375;49.97;3.600;205.1;12.76;
1-444;7.392;49.97;3.600;205.1;12.78;
1-445;7.409;49.97;3.700;205.2;12.80;
1-446;7.425;49.97;3.600;205.2;12.82;
1-447;7.442;49.97;3.600;205.2;12.84;
1-448;7.459;49.97;3.600;205.2;12.86;
1-449;7.475;49.97;3.600;205.2;12.88;
1-450;7.492;49.97;3.600;205.2;12.90;
1-451;7.509;49.97;3.600;205.2;12.92;
1-452;7.526;49.97;3.600;205.2;12.94;
1-453;7.542;49.97;3.500;205.2;12.95;
1-454;7.559;49.97;3.500;205.2;12.97;
1-455;7.576;49.97;3.600;205.3;12.99;
1-456;7.592;49.97;3.600;205.3;13.01;
1-457;7.609;49.97;3.600;205.3;13.03;
1-458;7.626;49.97;3.600;205.3;13.05;
1-459;7.642;49.97;3.600;205.3;13.07;
1-460;7.659;49.97;3.600;205.3;13.08;
1-461;7.676;49.97;3.600;205.3;13.10;
1-462;7.692;49.97;3.600;205.3;13.12;
1-463;7.709;49.97;3.600;205.4;13.14;
1-464;7.726;49.97;3.500;205.4;13.16;
1-465;7.742;49.97;3.600;205.4;13.18;
1-466;7.759;49.97;3.600;205.4;13.20;
1-467;7.776;49.97;3.600;205.4;13.22;
1-468;7.792;49.97;3.600;205.4;13.24;
1-469;7.809;49.97;3.600;205.4;13.25;
1-470;7.826;49.97;3.600;205.4;13.27;
1-471;7.842;49.97;3.600;205.4;13.29;
1-472;7.859;49.97;3.600;205.4;13.31;
1-473;7.876;49.97;3.600;205.4;13.33;
1-474;7.892;49.97;3.600;205.5;13.35;
1-475;7.909;49.97;3.600;205.5;13.37;
1-476;7.926;49.97;3.600;205.5;13.39;
1-477;7.942;49.97;3.600;205.5;13.40;
1-478;7.959;49.97;3.500;205.5;13.42;
1-479;7.976;49.97;3.600;205.5;13.44;
1-480;7.992;49.97;3.600;205.6;13.46;
1-481;8.009;49.97;3.600;205.6;13.48;
1-482;8.026;49.97;3.500;205.6;13.50;
1-483;8.042;49.97;3.600;205.6;13.52;
1-484;8.059;49.97;3.500;205.6;13.54;
1-485;8.076;49.97;3.600;205.6;13.55;
1-486;8.092;49.97;3.600;205.6;13.57;
1-487;8.109;49.97;3.600;205.6;13.59;
1-488;8.126;49.97;3.600;205.6;13.61;
1-489;8.142;49.97;3.500;205.6;13.63;
1-490;8.159;49.97;3.500;205.6;13.65;
1-491;8.176;49.97;3.600;205.6;13.67;
1-492;8.192;49.97;3.600;205.6;13.68;
1-493;8.209;49.97;3.600;205.6;13.70;
1-494;8.226;49.97;3.600;205.7;13.72;
1-495;8.242;49.97;3.600;205.7;13.74;
1-496;8.259;49.97;3.500;205.7;13.76;
1-497;8.276;49.97;3.600;205.7;13.78;
1-498;8.292;49.97;3.600;205.7;13.80;
1-499;8.309;49.97;3.600;205.7;13.82;
1-500;8.326;49.97;3.500;205.7;13.83;
1-501;8.342;49.97;3.600;205.8;13.85;
1-502;8.359;49.97;3.500;205.7;13.87;
1-503;8.376;49.97;3.600;205.8;13.89;
1-504;8.392;49.97;3.600;205.8;13.91;
1-505;8.409;49.97;3.600;205.8;13.93;
1-506;8.426;49.97;3.600;205.8;13.95;
1-507;8.442;49.97;3.600;205.8;13.97;
1-508;8.459;49.97;3.500;205.8;13.98;
1-509;8.476;49.97;3.500;205.8;14.00;
1-510;8.492;49.97;3.600;205.8;14.02;
1-511;8.509;49.97;3.600;205.8;14.04;
1-512;8.526;49.97;3.600;205.8;14.06;
1-513;8.542;49.97;3.600;205.8;14.08;
1-514;8.559;49.97;3.500;205.8;14.10;
1-515;8.576;49.97;3.500;205.8;14.11;
1-516;8.592;49.97;3.500;205.8;14.13;
1-517;8.609;49.97;3.500;205.8;14.15;
1-518;8.626;49.97;3.500;205.9;14.17;
1-519;8.642;49.97;3.500;205.9;14.19;
1-520;8.659;49.97;3.500;205.9;14.21;
1-521;8.676;49.97;3.500;205.9;14.22;
1-522;8.692;49.97;3.500;205.9;14.24;
1-523;8.709;49.97;3.500;205.9;14.26;
1-524;8.726;49.97;3.500;206.0;14.28;
1-525;8.742;49.97;3.500;205.9;14.30;
1-526;8.759;49.97;3.500;206.0;14.32;
1-527;8.776;49.97;3.500;206.0;14.33;
1-528;8.792;49.97;3.500;206.0;14.35;
1-529;8.809;49.97;3.500;206.0;14.37;
1-530;8.826;49.97;3.500;206.0;14.39;
1-531;8.842;49.97;3.500;206.0;14.41;
1-532;8.859;49.97;3.400;206.0;14.43;
1-533;8.876;49.97;3.500;206.0;14.44;
1-534;8.892;49.97;3.500;206.0;14.46;
1-535;8.909;49.97;3.500;206.0;14.48;
1-536;8.926;49.97;3.400;206.0;14.50;
1-537;8.942;49.97;3.500;206.0;14.52;
1-538;8.959;49.97;3.400;206.0;14.53;
1-539;8.976;49.97;3.500;206.0;14.55;
1-540;8.992;49.97;3.500;206.1;14.57;
1-541;9.009;49.97;3.500;206.1;14.59;
1-542;9.026;49.97;3.500;206.1;14.61;
1-543;9.042;49.97;3.500;206.1;14.63;
1-544;9.059;49.97;3.500;206.1;14.64;
1-545;9.076;49.97;3.500;206.1;14.66;
1-546;9.092;49.97;3.500;206.1;14.68;
1-547;9.109;49.97;3.500;206.1;14.70;
1-548;9.126;49.97;3.500;206.1;14.72;
1-549;9.142;49.97;3.500;206.2;14.74;
1-550;9.159;49.97;3.500;206.2;14.75;
1-551;9.176;49.97;3.500;206.2;14.77;
1-552;9.192;49.97;3.500;206.1;14.79;
1-553;9.209;49.97;3.500;206.2;14.81;
1-554;9.226;49.97;3.500;206.2;14.83;
1-555;9.242;49.97;3.500;206.2;14.85;
1-556;9.259;49.97;3.500;206.2;14.86;
1-557;9.276;49.97;3.500;206.2;14.88;
1-558;9.292;49.97;3.500;206.2;14.90;
1-559;9.309;49.97;3.600;206.2;14.92;
1-560;9.326;49.97;3.500;206.2;14.94;
1-561;9.342;49.97;3.500;206.2;14.96;
1-562;9.359;49.97;3.500;206.2;14.97;
1-563;9.376;49.97;3.500;206.3;14.99;
1-564;9.392;49.97;3.600;206.3;15.01;
1-565;9.409;49.97;3.600;206.3;15.03;
1-566;9.426;49.97;3.600;206.3;15.05;
1-567;9.442;49.97;3.600;206.3;15.07;
1-568;9.459;49.97;3.600;206.3;15.09;
1-569;9.476;49.97;3.600;206.3;15.11;
1-570;9.492;49.97;3.600;206.3;15.12;
1-571;9.509;49.97;3.600;206.3;15.14;
1-572;9.526;49.97;3.500;206.3;15.16;
1-573;9.542;49.97;3.600;206.3;15.18;
1-574;9.559;49.97;3.600;206.4;15.20;
1-575;9.576;49.97;3.600;206.4;15.22;
1-576;9.592;49.97;3.600;206.4;15.24;
1-577;9.609;49.97;3.600;206.4;15.26;
1-578;9.626;49.97;3.600;206.4;15.27;
1-579;9.642;49.97;3.600;206.4;15.29;
1-580;9.659;49.97;3.600;206.4;15.31;
1-581;9.676;49.97;3.600;206.4;15.33;
1-582;9.692;49.97;3.600;206.4;15.35;
1-583;9.709;49.97;3.600;206.4;15.37;
1-584;9.726;49.97;3.600;206.4;15.39;
1-585;9.742;49.97;3.600;206.5;15.41;
1-586;9.759;49.97;3.600;206.5;15.43;
1-587;9.776;49.97;3.600;206.5;15.44;
1-588;9.792;49.97;3.600;206.5;15.46;
1-589;9.809;49.97;3.600;206.5;15.48;
1-590;9.826;49.97;3.600;206.5;15.50;
1-591;9.842;49.97;3.600;206.5;15.52;
1-592;9.859;49.97;3.600;206.5;15.54;
1-593;9.876;49.97;3.600;206.5;15.56;
1-594;9.892;49.97;3.600;206.5;15.58;
1-595;9.909;49.97;3.600;206.5;15.59;
1-596;9.926;49.97;3.700;206.5;15.61;
1-597;9.942;49.97;3.600;206.5;15.63;
1-598;9.959;49.97;3.600;206.5;15.65;
1-599;9.976;49.97;3.600;206.6;15.67;
1-600;9.992;49.97;3.600;206.6;15.69;
1-601;10.01;49.97;3.600;206.6;15.71;
1-602;10.03;49.97;3.600;206.6;15.73;
1-603;10.04;49.97;3.600;206.6;15.75;
1-604;10.06;49.97;3.500;206.6;15.76;
1-605;10.08;49.97;3.600;206.6;15.78;
1-606;10.09;49.97;3.600;206.6;15.80;
1-607;10.11;49.97;3.600;206.6;15.82;
1-608;10.13;49.97;3.600;206.6;15.84;
1-609;10.14;49.97;3.600;206.6;15.86;
1-610;10.16;49.97;3.600;206.7;15.88;
1-611;10.18;49.97;3.600;206.6;15.90;
1-612;10.19;49.97;3.600;206.6;15.92;
1-613;10.21;49.97;3.600;206.7;15.93;
1-614;10.23;49.97;3.600;206.7;15.95;
1-615;10.24;49.97;3.500;206.7;15.97;
1-616;10.26;49.97;3.600;206.7;15.99;
1-617;10.28;49.97;3.600;206.7;16.01;
1-618;10.29;49.97;3.600;206.7;16.03;
1-619;10.31;49.97;3.600;206.7;16.05;
1-620;10.33;49.97;3.600;206.7;16.07;
1-621;10.34;49.97;3.600;206.7;16.08;
1-622;10.36;49.97;3.600;206.7;16.10;
1-623;10.38;49.97;3.600;206.7;16.12;
1-624;10.39;49.97;3.600;206.7;16.14;
1-625;10.41;49.97;3.600;206.7;16.16;
1-626;10.43;49.97;3.600;206.7;16.18;
1-627;10.44;49.97;3.600;206.7;16.20;
1-628;10.46;49.97;3.600;206.7;16.22;
1-629;10.48;49.97;3.600;206.7;16.23;
1-630;10.49;49.97;3.600;206.8;16.25;
1-631;10.51;49.97;3.600;206.8;16.27;
1-632;10.53;49.97;3.600;206.8;16.29;
1-633;10.54;49.97;3.500;206.8;16.31;
1-634;10.56;49.97;3.600;206.8;16.33;
1-635;10.58;49.97;3.500;206.8;16.35;
1-636;10.59;49.97;3.600;206.8;16.37;
1-637;10.61;49.97;3.600;206.8;16.38;
1-638;10.63;49.97;3.600;206.8;16.40;
1-639;10.64;49.97;3.500;206.8;16.42;
1-640;10.66;49.97;3.600;206.8;16.44;
1-641;10.68;49.97;3.600;206.8;16.46;
1-642;10.69;49.97;3.600;206.8;16.48;
1-643;10.71;49.97;3.600;206.8;16.50;
1-644;10.73;49.97;3.600;206.8;16.52;
1-645;10.74;49.97;3.500;206.8;16.53;
1-646;10.76;49.97;3.600;206.8;16.55;
1-647;10.78;49.97;3.500;206.8;16.57;
1-648;10.79;49.97;3.600;206.8;16.59;
1-649;10.81;49.97;3.600;206.8;16.61;
1-650;10.83;49.97;3.600;206.9;16.63;
1-651;10.84;49.97;3.500;206.9;16.65;
1-652;10.86;49.97;3.500;206.9;16.66;
1-653;10.88;49.97;3.500;206.9;16.68;
1-654;10.89;49.97;3.600;206.8;16.70;
1-655;10.91;49.97;3.600;206.9;16.72;
1-656;10.93;49.97;3.500;206.9;16.74;
1-657;10.94;49.97;3.600;206.9;16.76;
1-658;10.96;49.97;3.500;206.9;16.78;
1-659;10.98;49.97;3.500;206.9;16.79;
1-660;10.99;49.97;3.600;206.9;16.81;
1-661;11.01;49.97;3.600;206.9;16.83;
1-662;11.03;49.97;3.600;206.9;16.85;
1-663;11.04;49.97;3.600;206.9;16.87;
1-664;11.06;49.97;3.600;206.9;16.89;
1-665;11.08;49.97;3.500;206.9;16.91;
1-666;11.09;49.97;3.600;206.9;16.93;
1-667;11.11;49.97;3.600;206.9;16.94;
1-668;11.13;49.97;3.600;206.9;16.96;
1-669;11.14;49.97;3.600;207.0;16.98;
1-670;11.16;49.97;3.600;207.0;17.00;
1-671;11.18;49.97;3.500;206.9;17.02;
1-672;11.19;49.97;3.600;207.0;17.04;
1-673;11.21;49.97;3.600;207.0;17.06;
1-674;11.23;49.97;3.600;207.0;17.08;
1-675;11.24;49.97;3.600;207.0;17.09;
1-676;11.26;49.97;3.500;207.0;17.11;
1-677;11.28;49.97;3.500;207.0;17.13;
1-678;11.29;49.97;3.500;207.0;17.15;
1-679;11.31;49.97;3.600;207.0;17.17;
1-680;11.33;49.97;3.600;207.0;17.19;
1-681;11.34;49.97;3.600;207.0;17.21;
1-682;11.36;49.97;3.500;207.0;17.22;
1-683;11.38;49.97;3.500;207.0;17.24;
1-684;11.39;49.97;3.500;207.0;17.26;
1-685;11.41;49.97;3.500;207.0;17.28;
1-686;11.43;49.97;3.600;207.0;17.30;
1-687;11.44;49.97;3.500;207.0;17.32;
1-688;11.46;49.97;3.500;207.0;17.34;
1-689;11.48;49.97;3.500;207.0;17.35;
1-690;11.49;49.97;3.600;207.0;17.37;
1-691;11.51;49.97;3.600;207.0;17.39;
1-692;11.53;49.97;3.600;207.0;17.41;
1-693;11.54;49.97;3.500;207.0;17.43;
1-694;11.56;49.97;3.500;207.0;17.45;
1-695;11.58;49.97;3.500;207.0;17.46;
1-696;11.59;49.97;3.500;207.0;17.48;
1-697;11.61;49.97;3.500;207.1;17.50;
1-698;11.63;49.97;3.500;207.0;17.52;
1-699;11.64;49.97;3.600;207.1;17.54;
1-700;11.66;49.97;3.500;207.1;17.56;
1-701;11.68;49.97;3.500;207.1;17.58;
1-702;11.69;49.97;3.500;207.0;17.59;
1-703;11.71;49.97;3.500;207.1;17.61;
1-704;11.73;49.97;3.600;207.1;17.63;
1-705;11.74;49.97;3.500;207.1;17.65;
1-706;11.76;49.97;3.600;207.1;17.67;
1-707;11.78;49.97;3.500;207.1;17.69;
1-708;11.79;49.97;3.500;207.1;17.70;
1-709;11.81;49.97;3.500;207.1;17.72;
1-710;11.83;49.97;3.600;207.1;17.74;
1-711;11.84;49.97;3.600;207.1;17.76;
1-712;11.86;49.97;3.500;207.1;17.78;
1-713;11.88;49.97;3.500;207.1;17.80;
1-714;11.89;49.97;3.500;207.1;17.82;
1-715;11.91;49.97;3.600;207.1;17.83;
1-716;11.93;49.97;3.600;207.1;17.85;
1-717;11.94;49.97;3.500;207.1;17.87;
1-718;11.96;49.97;3.600;207.1;17.89;
1-719;11.98;49.97;3.500;207.1;17.91;
1-720;11.99;49.97;3.600;207.1;17.93;
1-721;12.01;49.97;3.600;207.1;17.95;
1-722;12.03;49.97;3.600;207.1;17.96;
1-723;12.04;49.97;3.600;207.1;17.98;
1-724;12.06;49.97;3.600;207.1;18.00;
1-725;12.08;49.97;3.600;207.1;18.02;
1-726;12.09;49.97;3.500;207.2;18.04;
1-727;12.11;49.97;3.600;207.1;18.06;
1-728;12.13;49.97;3.500;207.2;18.08;
1-729;12.14;49.97;3.500;207.2;18.10;
1-730;12.16;49.97;3.500;207.2;18.11;
1-731;12.18;49.97;3.500;207.2;18.13;
1-732;12.19;49.97;3.500;207.1;18.15;
1-733;12.21;49.97;3.500;207.1;18.17;
1-734;12.23;49.97;3.500;207.2;18.19;
1-735;12.24;49.97;3.500;207.2;18.21;
1-736;12.26;49.97;3.500;207.2;18.22;
1-737;12.28;49.97;3.500;207.2;18.24;
1-738;12.29;49.97;3.500;207.2;18.26;
1-739;12.31;49.97;3.500;207.2;18.28;
1-740;12.33;49.97;3.600;207.2;18.30;
1-741;12.34;49.97;3.600;207.2;18.32;
1-742;12.36;49.97;3.500;207.2;18.33;
1-743;12.38;49.97;3.500;207.2;18.35;
1-744;12.39;49.97;3.500;207.2;18.37;
1-745;12.41;49.97;3.500;207.2;18.39;
1-746;12.43;49.97;3.500;207.2;18.41;
1-747;12.44;49.97;3.500;207.2;18.43;
1-748;12.46;49.97;3.500;207.2;18.44;
1-749;12.48;49.97;3.500;207.2;18.46;
1-750;12.49;49.97;3.500;207.2;18.48;
1-751;12.51;49.97;3.600;207.2;18.50;
1-752;12.53;49.97;3.600;207.2;18.52;
1-753;12.54;49.97;3.600;207.2;18.54;
1-754;12.56;49.97;3.500;207.2;18.56;
1-755;12.58;49.97;3.500;207.2;18.57;
1-756;12.59;49.97;3.500;207.2;18.59;
1-757;12.61;49.97;3.500;207.2;18.61;
1-758;12.63;49.97;3.500;207.2;18.63;
1-759;12.64;49.97;3.500;207.2;18.65;
1-760;12.66;49.97;3.500;207.2;18.67;
1-761;12.68;49.97;3.500;207.2;18.68;
1-762;12.69;49.97;3.500;207.2;18.70;
1-763;12.71;49.97;3.500;207.2;18.72;
1-764;12.73;49.97;3.500;207.2;18.74;
1-765;12.74;49.97;3.600;207.2;18.76;
1-766;12.76;49.97;3.500;207.2;18.78;
1-767;12.78;49.97;3.500;207.2;18.79;
1-768;12.79;49.97;3.500;207.2;18.81;
1-769;12.81;49.97;3.500;207.2;18.83;
1-770;12.83;49.97;3.600;207.3;18.85;
1-771;12.84;49.97;3.500;207.3;18.87;
1-772;12.86;49.97;3.500;207.3;18.89;
1-773;12.88;49.97;3.500;207.3;18.91;
1-774;12.89;49.97;3.500;207.3;18.92;
1-775;12.91;49.97;3.500;207.3;18.94;
1-776;12.93;49.97;3.500;207.3;18.96;
1-777;12.94;49.97;3.500;207.3;18.98;
1-778;12.96;49.97;3.500;207.3;19.00;
1-779;12.98;49.97;3.500;207.3;19.01;
1-780;12.99;49.97;3.500;207.3;19.03;
1-781;13.01;49.97;3.500;207.3;19.05;
1-782;13.03;49.97;3.600;207.3;19.07;
1-783;13.04;49.97;3.600;207.3;19.09;
1-784;13.06;49.97;3.600;207.3;19.11;
1-785;13.08;49.97;3.600;207.4;19.13;
1-786;13.09;49.97;3.500;207.3;19.15;
1-787;13.11;49.97;3.600;207.3;19.16;
1-788;13.13;49.97;3.600;207.3;19.18;
1-789;13.14;49.97;3.600;207.4;19.20;
1-790;13.16;49.97;3.500;207.4;19.22;
1-791;13.18;49.97;3.500;207.4;19.24;
1-792;13.19;49.97;3.600;207.4;19.26;
1-793;13.21;49.97;3.500;207.4;19.28;
1-794;13.23;49.97;3.500;207.4;19.29;
1-795;13.24;49.97;3.600;207.4;19.31;
1-796;13.26;49.97;3.500;207.4;19.33;
1-797;13.28;49.97;3.600;207.4;19.35;
1-798;13.29;49.97;3.500;207.4;19.37;
1-799;13.31;49.97;3.500;207.4;19.39;
1-800;13.33;49.97;3.500;207.4;19.40;
1-801;13.34;49.97;3.600;207.4;19.42;
1-802;13.36;49.97;3.500;207.4;19.44;
1-803;13.38;49.97;3.500;207.4;19.46;
1-804;13.39;49.97;3.500;207.4;19.48;
1-805;13.41;49.97;3.500;207.4;19.50;
1-806;13.43;49.97;3.500;207.4;19.52;
1-807;13.44;49.97;3.500;207.4;19.53;
1-808;13.46;49.97;3.500;207.4;19.55;
1-809;13.48;49.97;3.500;207.4;19.57;
1-810;13.49;49.97;3.500;207.4;19.59;
1-811;13.51;49.97;3.500;207.4;19.61;
1-812;13.53;49.97;3.500;207.4;19.63;
1-813;13.54;49.97;3.500;207.4;19.64;
1-814;13.56;49.97;3.500;207.4;19.66;
1-815;13.58;49.97;3.500;207.4;19.68;
1-816;13.59;49.97;3.400;207.4;19.70;
1-817;13.61;49.97;3.500;207.4;19.72;
1-818;13.63;49.97;3.500;207.4;19.73;
1-819;13.64;49.97;3.500;207.4;19.75;
1-820;13.66;49.97;3.500;207.4;19.77;
1-821;13.68;49.97;3.500;207.4;19.79;
1-822;13.69;49.97;3.500;207.4;19.81;
1-823;13.71;49.97;3.500;207.4;19.83;
1-824;13.73;49.97;3.500;207.4;19.84;
1-825;13.74;49.97;3.500;207.4;19.86;
1-826;13.76;49.97;3.500;207.4;19.88;
1-827;13.78;49.97;3.400;207.4;19.90;
1-828;13.79;49.97;3.500;207.4;19.92;
1-829;13.81;49.97;3.500;207.4;19.94;
1-830;13.83;49.97;3.500;207.4;19.95;
1-831;13.84;49.97;3.500;207.4;19.97;
1-832;13.86;49.97;3.500;207.4;19.99;
1-833;13.88;49.97;3.500;207.4;20.01;
1-834;13.89;49.97;3.500;207.4;20.03;
1-835;13.91;49.97;3.500;207.4;20.05;
1-836;13.93;49.97;3.500;207.4;20.06;
1-837;13.94;49.97;3.600;207.4;20.08;
1-838;13.96;49.97;3.500;207.4;20.10;
1-839;13.98;49.97;3.500;207.4;20.12;
1-840;13.99;49.97;3.500;207.4;20.14;
1-841;14.01;49.97;3.500;207.4;20.16;
1-842;14.03;49.97;3.500;207.4;20.17;
1-843;14.04;49.97;3.500;207.4;20.19;
1-844;14.06;49.97;3.500;207.4;20.21;
1-845;14.08;49.97;3.500;207.4;20.23;
1-846;14.09;49.97;3.500;207.5;20.25;
1-847;14.11;49.97;3.500;207.4;20.27;
1-848;14.13;49.97;3.500;207.5;20.28;
1-849;14.14;49.97;3.500;207.5;20.30;
1-850;14.16;49.97;3.500;207.5;20.32;
1-851;14.18;49.97;3.500;207.5;20.34;
1-852;14.19;49.97;3.500;207.5;20.36;
1-853;14.21;49.97;3.500;207.5;20.38;
1-854;14.23;49.97;3.500;207.5;20.39;
1-855;14.24;49.97;3.500;207.5;20.41;
1-856;14.26;49.97;3.500;207.5;20.43;
1-857;14.28;49.97;3.600;207.5;20.45;
1-858;14.29;49.97;3.500;207.5;20.47;
1-859;14.31;49.97;3.500;207.5;20.49;
1-860;14.33;49.97;3.500;207.5;20.50;
1-861;14.34;49.97;3.500;207.5;20.52;
1-862;14.36;49.97;3.500;207.5;20.54;
1-863;14.38;49.97;3.500;207.5;20.56;
1-864;14.39;49.97;3.500;207.5;20.58;
1-865;14.41;49.97;3.500;207.5;20.60;
1-866;14.43;49.97;3.600;207.5;20.61;
1-867;14.44;49.97;3.600;207.5;20.63;
1-868;14.46;49.97;3.600;207.5;20.65;
1-869;14.48;49.97;3.500;207.5;20.67;
1-870;14.49;49.97;3.500;207.5;20.69;
1-871;14.51;49.97;3.500;207.5;20.71;
1-872;14.53;49.97;3.500;207.5;20.73;
1-873;14.54;49.97;3.600;207.5;20.74;
1-874;14.56;49.97;3.500;207.5;20.76;
1-875;14.58;49.97;3.500;207.5;20.78;
1-876;14.59;49.97;3.500;207.5;20.80;
1-877;14.61;49.97;3.500;207.5;20.82;
1-878;14.63;49.97;3.500;207.5;20.84;
1-879;14.64;49.97;3.500;207.5;20.85;
1-880;14.66;49.97;3.500;207.5;20.87;
1-881;14.68;49.97;3.400;207.5;20.89;
1-882;14.69;49.97;3.500;207.5;20.91;
1-883;14.71;49.97;3.500;207.6;20.93;
1-884;14.73;49.97;3.600;207.6;20.95;
1-885;14.74;49.97;3.500;207.6;20.96;
1-886;14.76;49.97;3.500;207.5;20.98;
1-887;14.78;49.97;3.500;207.6;21.00;
1-888;14.79;49.97;3.500;207.5;21.02;
1-889;14.81;49.97;3.500;207.6;21.04;
1-890;14.83;49.97;3.500;207.6;21.06;
1-891;14.84;49.97;3.500;207.6;21.07;
1-892;14.86;49.97;3.600;207.6;21.09;
1-893;14.88;49.97;3.600;207.6;21.11;
1-894;14.89;49.97;3.500;207.6;21.13;
1-895;14.91;49.97;3.500;207.6;21.15;
1-896;14.93;49.97;3.500;207.6;21.17;
1-897;14.94;49.97;3.500;207.6;21.19;
1-898;14.96;49.97;3.600;207.6;21.20;
1-899;14.98;49.97;3.500;207.6;21.22;
1-900;14.99;49.97;3.600;207.6;21.24;
1-901;15.01;49.97;3.500;207.6;21.26;
1-902;15.03;49.97;3.500;207.6;21.28;
1-903;15.04;49.97;3.500;207.6;21.30;
1-904;15.06;49.97;3.500;207.6;21.31;
1-905;15.08;49.97;3.600;207.6;21.33;
1-906;15.09;49.97;3.500;207.6;21.35;
1-907;15.11;49.97;3.500;207.6;21.37;
1-908;15.13;49.97;3.500;207.6;21.39;
1-909;15.14;49.97;3.500;207.6;21.41;
1-910;15.16;49.97;3.500;207.6;21.43;
1-911;15.18;49.97;3.500;207.6;21.44;
1-912;15.19;49.97;3.500;207.6;21.46;
1-913;15.21;49.97;3.400;207.6;21.48;
1-914;15.23;49.97;3.500;207.6;21.50;
1-915;15.24;49.97;3.500;207.6;21.52;
1-916;15.26;49.97;3.500;207.6;21.53;
1-917;15.28;49.97;3.500;207.6;21.55;
1-918;15.29;49.97;3.500;207.6;21.57;
1-919;15.31;49.97;3.500;207.6;21.59;
1-920;15.33;49.97;3.500;207.6;21.61;
1-921;15.34;49.97;3.500;207.6;21.63;
1-922;15.36;49.97;3.500;207.6;21.64;
1-923;15.38;49.97;3.500;207.6;21.66;
1-924;15.39;49.97;3.500;207.6;21.68;
1-925;15.41;49.97;3.500;207.6;21.70;
1-926;15.43;49.97;3.500;207.6;21.72;
1-927;15.44;49.97;3.500;207.6;21.74;
1-928;15.46;49.97;3.500;207.6;21.75;
1-929;15.48;49.97;3.500;207.6;21.77;
1-930;15.49;49.97;3.500;207.6;21.79;
1-931;15.51;49.97;3.500;207.6;21.81;
1-932;15.53;49.97;3.500;207.6;21.83;
1-933;15.54;49.97;3.500;207.6;21.85;
1-934;15.56;49.97;3.600;207.6;21.86;
1-935;15.58;49.97;3.500;207.6;21.88;
1-936;15.59;49.97;3.600;207.6;21.90;
1-937;15.61;49.97;3.500;207.6;21.92;
1-938;15.63;49.97;3.500;207.6;21.94;
1-939;15.64;49.97;3.600;207.6;21.96;
1-940;15.66;49.97;3.600;207.6;21.98;
1-941;15.68;49.97;3.600;207.6;22.00;
1-942;15.69;49.97;3.600;207.7;22.01;
1-943;15.71;49.97;3.600;207.7;22.03;
1-944;15.73;49.97;3.600;207.6;22.05;
1-945;15.74;49.97;3.600;207.7;22.07;
1-946;15.76;49.97;3.600;207.7;22.09;
1-947;15.78;49.97;3.600;207.7;22.11;
1-948;15.79;49.97;3.600;207.7;22.13;
1-949;15.81;49.97;3.500;207.7;22.15;
1-950;15.83;49.97;3.500;207.7;22.16;
1-951;15.84;49.97;3.500;207.7;22.18;
1-952;15.86;49.97;3.500;207.7;22.20;
1-953;15.88;49.97;3.500;207.7;22.22;
1-954;15.89;49.97;3.600;207.7;22.24;
1-955;15.91;49.97;3.500;207.7;22.26;
1-956;15.93;49.97;3.500;207.7;22.27;
1-957;15.94;49.97;3.600;207.7;22.29;
1-958;15.96;49.97;3.600;207.7;22.31;
1-959;15.98;49.97;3.500;207.7;22.33;
1-960;15.99;49.97;3.500;207.7;22.35;
1-961;16.01;49.97;3.600;207.7;22.37;
1-962;16.03;49.97;3.600;207.7;22.39;
1-963;16.04;49.97;3.600;207.7;22.40;
1-964;16.06;49.97;3.600;207.7;22.42;
1-965;16.08;49.97;3.600;207.7;22.44;
1-966;16.09;49.97;3.600;207.8;22.46;
1-967;16.11;49.97;3.600;207.7;22.48;
1-968;16.13;49.97;3.600;207.7;22.50;
1-969;16.14;49.97;3.600;207.7;22.52;
1-970;16.16;49.97;3.600;207.7;22.54;
1-971;16.18;49.97;3.600;207.7;22.56;
1-972;16.19;49.97;3.600;207.7;22.57;
1-973;16.21;49.97;3.600;207.7;22.59;
1-974;16.23;49.97;3.500;207.8;22.61;
1-975;16.24;49.97;3.600;207.8;22.63;
1-976;16.26;49.97;3.600;207.8;22.65;
1-977;16.28;49.97;3.600;207.8;22.67;
1-978;16.29;49.97;3.600;207.8;22.69;
1-979;16.31;49.97;3.600;207.8;22.71;
1-980;16.33;49.97;3.600;207.8;22.72;
1-981;16.34;49.97;3.700;207.8;22.74;
1-982;16.36;49.97;3.600;207.8;22.76;
1-983;16.38;49.97;3.700;207.8;22.78;
1-984;16.39;49.97;3.600;207.8;22.80;
1-985;16.41;49.97;3.600;207.8;22.82;
1-986;16.43;49.97;3.600;207.8;22.84;
1-987;16.44;49.97;3.600;207.8;22.86;
1-988;16.46;49.97;3.600;207.8;22.88;
1-989;16.48;49.97;3.600;207.8;22.90;
1-990;16.49;49.97;3.500;207.8;22.91;
1-991;16.51;49.97;3.600;207.8;22.93;
1-992;16.53;49.97;3.500;207.8;22.95;
1-993;16.54;49.97;3.600;207.8;22.97;
1-994;16.56;49.97;3.600;207.8;22.99;
1-995;16.58;49.97;3.600;207.8;23.01;
1-996;16.59;49.97;3.600;207.8;23.03;
1-997;16.61;49.97;3.600;207.8;23.05;
1-998;16.63;49.97;3.500;207.8;23.06;
1-999;16.64;49.97;3.600;207.8;23.08;
1-1000;16.66;49.97;3.600;207.8;23.10;
1-1001;16.68;49.97;3.600;207.8;23.12;
1-1002;16.69;49.97;3.600;207.8;23.14;
1-1003;16.71;49.97;3.600;207.8;23.16;
1-1004;16.73;49.97;3.600;207.8;23.18;
1-1005;16.74;49.97;3.600;207.8;23.20;
1-1006;16.76;49.97;3.700;207.8;23.21;
1-1007;16.78;49.97;3.700;207.8;23.23;
1-1008;16.79;49.97;3.600;207.8;23.25;
1-1009;16.81;49.97;3.700;207.8;23.27;
1-1010;16.83;49.97;3.600;207.8;23.29;
1-1011;16.84;49.97;3.600;207.8;23.31;
1-1012;16.86;49.97;3.600;207.8;23.33;
1-1013;16.88;49.97;3.600;207.8;23.35;
1-1014;16.89;49.97;3.600;207.8;23.37;
1-1015;16.91;49.97;3.700;207.8;23.39;
1-1016;16.93;49.97;3.600;207.8;23.40;
1-1017;16.94;49.97;3.700;207.8;23.42;
1-1018;16.96;49.97;3.700;207.8;23.44;
1-1019;16.98;49.97;3.700;207.8;23.46;
1-1020;16.99;49.97;3.600;207.8;23.48;
1-1021;17.01;49.97;3.700;207.9;23.50;
1-1022;17.03;49.97;3.700;207.9;23.52;
1-1023;17.04;49.97;3.700;207.9;23.54;
1-1024;17.06;49.97;3.700;207.9;23.56;
1-1025;17.08;49.97;3.700;207.9;23.58;
1-1026;17.09;49.97;3.700;207.9;23.60;
1-1027;17.11;49.97;3.700;207.9;23.62;
1-1028;17.13;49.97;3.700;207.9;23.64;
1-1029;17.14;49.97;3.800;207.9;23.66;
1-1030;17.16;49.97;3.700;207.9;23.68;
1-1031;17.18;49.97;3.700;207.9;23.69;
1-1032;17.19;49.97;3.700;207.9;23.71;
1-1033;17.21;49.97;3.700;207.9;23.73;
1-1034;17.23;49.97;3.700;207.9;23.75;
1-1035;17.24;49.97;3.700;207.9;23.77;
1-1036;17.26;49.97;3.700;207.9;23.79;
1-1037;17.28;49.97;3.700;207.9;23.81;
1-1038;17.29;49.97;3.700;207.9;23.83;
1-1039;17.31;49.97;3.700;207.9;23.85;
1-1040;17.33;49.97;3.700;207.9;23.87;
1-1041;17.34;49.97;3.700;207.9;23.89;
1-1042;17.36;49.97;3.700;207.9;23.91;
1-1043;17.38;49.97;3.700;208.0;23.93;
1-1044;17.39;49.97;3.700;207.9;23.95;
1-1045;17.41;49.97;3.700;207.9;23.97;
1-1046;17.43;49.97;3.600;208.0;23.99;
1-1047;17.44;49.97;3.700;208.0;24.00;
1-1048;17.46;49.97;3.700;208.0;24.02;
1-1049;17.48;49.97;3.700;208.0;24.04;
1-1050;17.49;49.97;3.700;208.0;24.06;
1-1051;17.51;49.97;3.700;208.0;24.08;
1-1052;17.53;49.97;3.700;208.0;24.10;
1-1053;17.54;49.97;3.700;208.0;24.12;
1-1054;17.56;49.97;3.700;208.0;24.14;
1-1055;17.58;49.97;3.700;208.0;24.16;
1-1056;17.59;49.97;3.700;208.0;24.18;
1-1057;17.61;49.97;3.700;208.0;24.20;
1-1058;17.63;49.97;3.700;208.0;24.22;
1-1059;17.64;49.97;3.700;208.0;24.24;
1-1060;17.66;49.97;3.700;208.0;24.26;
1-1061;17.68;49.97;3.800;208.0;24.28;
1-1062;17.69;49.97;3.700;208.0;24.30;
1-1063;17.71;49.97;3.800;208.0;24.31;
1-1064;17.73;49.97;3.700;208.0;24.33;
1-1065;17.74;49.97;3.800;208.0;24.35;
1-1066;17.76;49.97;3.800;208.0;24.37;
1-1067;17.78;49.97;3.800;208.0;24.39;
1-1068;17.79;49.97;3.700;208.0;24.41;
1-1069;17.81;49.97;3.700;208.0;24.43;
1-1070;17.83;49.97;3.800;208.1;24.45;
1-1071;17.84;49.97;3.800;208.0;24.47;
1-1072;17.86;49.97;3.800;208.1;24.49;
1-1073;17.88;49.97;3.800;208.0;24.51;
1-1074;17.89;49.97;3.800;208.1;24.53;
1-1075;17.91;49.97;3.700;208.1;24.55;
1-1076;17.93;49.97;3.800;208.1;24.57;
1-1077;17.94;49.97;3.800;208.1;24.59;
1-1078;17.96;49.97;3.800;208.1;24.61;
1-1079;17.98;49.97;3.800;208.1;24.63;
1-1080;17.99;49.97;3.700;208.1;24.65;
1-1081;18.01;49.97;3.800;208.1;24.67;
1-1082;18.03;49.97;3.800;208.1;24.69;
1-1083;18.04;49.97;3.800;208.1;24.71;
1-1084;18.06;49.97;3.800;208.1;24.73;
1-1085;18.08;49.97;3.800;208.1;24.75;
1-1086;18.09;49.97;3.800;208.1;24.77;
1-1087;18.11;49.97;3.800;208.1;24.79;
1-1088;18.13;49.97;3.800;208.1;24.81;
1-1089;18.14;49.97;3.800;208.1;24.83;
1-1090;18.16;49.97;3.800;208.1;24.85;
1-1091;18.18;49.97;3.800;208.1;24.87;
1-1092;18.19;49.97;3.800;208.1;24.89;
1-1093;18.21;49.97;3.800;208.1;24.91;
1-1094;18.23;49.97;3.800;208.1;24.93;
1-1095;18.24;49.97;3.800;208.1;24.95;
1-1096;18.26;49.97;3.800;208.1;24.97;
1-1097;18.28;49.97;3.800;208.2;24.99;
1-1098;18.29;49.97;3.800;208.2;25.01;
1-1099;18.31;49.97;3.800;208.2;25.03;
1-1100;18.33;49.97;3.800;208.2;25.05;
1-1101;18.34;49.97;3.900;208.2;25.07;
1-1102;18.36;49.97;3.900;208.1;25.09;
1-1103;18.38;49.97;3.900;208.2;25.11;
1-1104;18.39;49.97;3.800;208.2;25.13;
1-1105;18.41;49.97;3.800;208.2;25.15;
1-1106;18.43;49.97;3.800;208.2;25.17;
1-1107;18.44;49.97;3.800;208.2;25.19;
1-1108;18.46;49.97;3.800;208.2;25.21;
1-1109;18.48;49.97;3.800;208.2;25.23;
1-1110;18.49;49.97;3.900;208.2;25.25;
1-1111;18.51;49.97;3.800;208.2;25.27;
1-1112;18.53;49.97;3.800;208.2;25.29;
1-1113;18.54;49.97;3.800;208.2;25.31;
1-1114;18.56;49.97;3.900;208.2;25.33;
1-1115;18.58;49.97;3.900;208.2;25.35;
1-1116;18.59;49.97;3.800;208.2;25.37;
1-1117;18.61;49.97;3.800;208.2;25.39;
1-1118;18.63;49.97;3.800;208.2;25.41;
1-1119;18.64;49.97;3.800;208.2;25.43;
1-1120;18.66;49.97;3.800;208.2;25.45;
1-1121;18.68;49.97;3.800;208.2;25.47;
1-1122;18.69;49.97;3.800;208.2;25.49;
1-1123;18.71;49.97;3.700;208.2;25.51;
1-1124;18.73;49.97;3.800;208.2;25.53;
1-1125;18.74;49.97;3.700;208.2;25.55;
1-1126;18.76;49.97;3.800;208.2;25.57;
1-1127;18.78;49.97;3.800;208.2;25.59;
1-1128;18.79;49.97;3.800;208.2;25.61;
1-1129;18.81;49.97;3.700;208.2;25.63;
1-1130;18.83;49.97;3.800;208.2;25.65;
1-1131;18.84;49.97;3.800;208.2;25.67;
1-1132;18.86;49.97;3.800;208.2;25.69;
1-1133;18.88;49.97;3.800;208.2;25.71;
1-1134;18.89;49.97;3.800;208.2;25.73;
1-1135;18.91;49.97;3.800;208.2;25.75;
1-1136;18.93;49.97;3.800;208.2;25.77;
1-1137;18.94;49.97;3.800;208.2;25.79;
1-1138;18.96;49.97;3.800;208.2;25.81;
1-1139;18.98;49.97;3.900;208.2;25.83;
1-1140;18.99;49.97;3.800;208.2;25.85;
1-1141;19.01;49.97;3.800;208.2;25.87;
1-1142;19.03;49.97;3.900;208.2;25.89;
1-1143;19.04;49.97;3.800;208.2;25.91;
1-1144;19.06;49.97;3.900;208.2;25.93;
1-1145;19.08;49.97;3.900;208.2;25.95;
1-1146;19.09;49.97;3.900;208.2;25.97;
1-1147;19.11;49.97;3.900;208.2;25.99;
1-1148;19.13;49.97;3.900;208.2;26.01;
1-1149;19.14;49.97;3.800;208.2;26.03;
1-1150;19.16;49.97;3.900;208.2;26.05;
1-1151;19.18;49.97;3.900;208.2;26.07;
1-1152;19.19;49.97;3.900;208.2;26.09;
1-1153;19.21;49.97;4.000;208.2;26.11;
1-1154;19.23;49.97;3.900;208.2;26.13;
1-1155;19.24;49.97;3.900;208.2;26.15;
1-1156;19.26;49.97;3.900;208.2;26.17;
1-1157;19.28;49.97;3.900;208.2;26.19;
1-1158;19.29;49.97;3.900;208.2;26.21;
1-1159;19.31;49.97;3.900;208.2;26.23;
1-1160;19.33;49.97;3.900;208.3;26.25;
1-1161;19.34;49.97;3.900;208.2;26.27;
1-1162;19.36;49.97;3.900;208.3;26.29;
1-1163;19.38;49.97;3.900;208.3;26.31;
1-1164;19.39;49.97;4.000;208.3;26.33;
1-1165;19.41;49.97;4.000;208.3;26.36;
1-1166;19.43;49.97;4.000;208.3;26.38;
1-1167;19.44;49.97;4.000;208.3;26.40;
1-1168;19.46;49.97;4.000;208.3;26.42;
1-1169;19.48;49.97;4.000;208.3;26.44;
1-1170;19.49;49.97;4.000;208.3;26.46;
1-1171;19.51;49.97;4.000;208.2;26.48;
1-1172;19.53;49.97;4.000;208.3;26.50;
1-1173;19.54;49.97;4.000;208.3;26.52;
1-1174;19.56;49.97;4.000;208.3;26.54;
1-1175;19.58;49.97;4.100;208.3;26.56;
1-1176;19.59;49.97;4.100;208.3;26.59;
1-1177;19.61;49.97;4.000;208.3;26.61;
1-1178;19.63;49.97;4.100;208.3;26.63;
1-1179;19.64;49.97;4.000;208.3;26.65;
1-1180;19.66;49.97;4.100;208.3;26.67;
1-1181;19.68;49.97;4.100;208.3;26.69;
1-1182;19.69;49.97;4.200;208.3;26.71;
1-1183;19.71;49.97;4.100;208.3;26.74;
1-1184;19.73;49.97;4.100;208.3;26.76;
1-1185;19.74;49.97;4.100;208.3;26.78;
1-1186;19.76;49.97;4.100;208.3;26.80;
1-1187;19.78;49.97;4.100;208.3;26.82;
1-1188;19.79;49.97;4.100;208.3;26.84;
1-1189;19.81;49.97;4.200;208.3;26.86;
1-1190;19.83;49.97;4.100;208.3;26.89;
1-1191;19.84;49.97;4.100;208.3;26.91;
1-1192;19.86;49.97;4.000;208.3;26.93;
1-1193;19.88;49.97;4.100;208.3;26.95;
1-1194;19.89;49.97;4.100;208.3;26.97;
1-1195;19.91;49.97;4.100;208.3;26.99;
1-1196;19.93;49.97;4.200;208.3;27.02;
1-1197;19.94;49.97;4.100;208.3;27.04;
1-1198;19.96;49.97;4.200;208.3;27.06;
1-1199;19.98;49.97;4.100;208.4;27.08;
1-1200;19.99;49.97;4.200;208.4;27.10;
1-1201;20.01;49.97;4.200;208.4;27.12;
1-1202;20.03;49.97;4.200;208.4;27.15;
1-1203;20.04;49.97;4.200;208.4;27.17;
1-1204;20.06;49.97;4.200;208.4;27.19;
1-1205;20.08;49.97;4.200;208.4;27.21;
1-1206;20.09;49.97;4.200;208.4;27.23;
1-1207;20.11;49.97;4.200;208.4;27.26;
1-1208;20.13;49.97;4.200;208.4;27.28;
1-1209;20.14;49.97;4.200;208.4;27.30;
1-1210;20.16;49.97;4.100;208.4;27.32;
1-1211;20.18;49.97;4.200;208.4;27.34;
1-1212;20.19;49.97;4.300;208.4;27.37;
1-1213;20.21;49.97;4.200;208.4;27.39;
1-1214;20.23;49.97;4.300;208.4;27.41;
1-1215;20.24;49.97;4.300;208.4;27.43;
1-1216;20.26;49.97;4.200;208.4;27.45;
1-1217;20.28;49.97;4.200;208.4;27.48;
1-1218;20.29;49.97;4.300;208.4;27.50;
1-1219;20.31;49.97;4.300;208.4;27.52;
1-1220;20.33;49.97;4.300;208.5;27.54;
1-1221;20.34;49.97;4.400;208.5;27.57;
1-1222;20.36;49.97;4.300;208.4;27.59;
1-1223;20.38;49.97;4.400;208.4;27.61;
1-1224;20.39;49.97;4.300;208.4;27.64;
1-1225;20.41;49.97;4.400;208.5;27.66;
1-1226;20.43;49.97;4.300;208.4;27.68;
1-1227;20.44;49.97;4.300;208.5;27.70;
1-1228;20.46;49.97;4.300;208.5;27.73;
1-1229;20.48;49.97;4.400;208.5;27.75;
1-1230;20.49;49.97;4.400;208.5;27.77;
1-1231;20.51;49.97;4.400;208.5;27.79;
1-1232;20.53;49.97;4.400;208.5;27.82;
1-1233;20.54;49.97;4.400;208.5;27.84;
1-1234;20.56;49.97;4.400;208.5;27.86;
1-1235;20.58;49.97;4.400;208.5;27.89;
1-1236;20.59;49.97;4.500;208.5;27.91;
1-1237;20.61;49.97;4.500;208.5;27.93;
1-1238;20.63;49.97;4.400;208.5;27.96;
1-1239;20.64;49.97;4.500;208.5;27.98;
1-1240;20.66;49.97;4.500;208.5;28.00;
1-1241;20.68;49.97;4.500;208.5;28.03;
1-1242;20.69;49.97;4.500;208.5;28.05;
1-1243;20.71;49.97;4.600;208.6;28.07;
1-1244;20.73;49.97;4.500;208.5;28.10;
1-1245;20.74;49.97;4.500;208.6;28.12;
1-1246;20.76;49.97;4.500;208.6;28.15;
1-1247;20.78;49.97;4.600;208.6;28.17;
1-1248;20.79;49.97;4.500;208.6;28.19;
1-1249;20.81;49.97;4.600;208.6;28.22;
1-1250;20.83;49.97;4.600;208.6;28.24;
1-1251;20.84;49.97;4.600;208.6;28.27;
1-1252;20.86;49.97;4.600;208.6;28.29;
1-1253;20.88;49.97;4.600;208.6;28.31;
1-1254;20.89;49.97;4.700;208.6;28.34;
1-1255;20.91;49.97;4.600;208.6;28.36;
1-1256;20.93;49.97;4.600;208.6;28.39;
1-1257;20.94;49.97;4.700;208.6;28.41;
1-1258;20.96;49.97;4.600;208.6;28.43;
1-1259;20.98;49.97;4.700;208.6;28.46;
1-1260;20.99;49.97;4.700;208.6;28.48;
1-1261;21.01;49.97;4.800;208.6;28.51;
1-1262;21.03;49.97;4.700;208.7;28.53;
1-1263;21.04;49.97;4.800;208.7;28.56;
1-1264;21.06;49.97;4.700;208.7;28.58;
1-1265;21.08;49.97;4.800;208.7;28.61;
1-1266;21.09;49.97;4.800;208.7;28.63;
1-1267;21.11;49.97;4.800;208.7;28.66;
1-1268;21.13;49.97;4.800;208.7;28.68;
1-1269;21.14;49.97;4.800;208.7;28.71;
1-1270;21.16;49.97;4.800;208.7;28.73;
1-1271;21.18;49.97;4.800;208.7;28.76;
1-1272;21.19;49.97;4.900;208.7;28.78;
1-1273;21.21;49.97;4.900;208.7;28.81;
1-1274;21.23;49.97;4.900;208.8;28.84;
1-1275;21.24;49.97;4.900;208.8;28.86;
1-1276;21.26;49.97;4.900;208.8;28.89;
1-1277;21.28;49.97;4.900;208.7;28.91;
1-1278;21.29;49.97;4.900;208.8;28.94;
1-1279;21.31;49.97;5.000;208.8;28.96;
1-1280;21.33;49.97;4.900;208.8;28.99;
1-1281;21.34;49.97;5.000;208.8;29.02;
1-1282;21.36;49.97;4.900;208.8;29.04;
1-1283;21.38;49.97;5.100;208.8;29.07;
1-1284;21.39;49.97;5.100;208.8;29.09;
1-1285;21.41;49.97;5.100;208.8;29.12;
1-1286;21.43;49.97;5.100;208.8;29.15;
1-1287;21.44;49.97;5.100;208.8;29.17;
1-1288;21.46;49.97;5.100;208.8;29.20;
1-1289;21.48;49.97;5.100;208.9;29.23;
1-1290;21.49;49.97;5.200;208.9;29.25;
1-1291;21.51;49.97;5.100;208.9;29.28;
1-1292;21.53;49.97;5.100;208.9;29.31;
1-1293;21.54;49.97;5.200;208.9;29.34;
1-1294;21.56;49.97;5.100;208.9;29.36;
1-1295;21.58;49.97;5.200;208.9;29.39;
1-1296;21.59;49.97;5.100;208.9;29.42;
1-1297;21.61;49.97;5.300;208.9;29.44;
1-1298;21.63;49.97;5.200;208.9;29.47;
1-1299;21.64;49.97;5.200;208.9;29.50;
1-1300;21.66;49.97;5.200;208.9;29.53;
1-1301;21.68;49.97;5.300;209.0;29.55;
1-1302;21.69;49.97;5.300;209.0;29.58;
1-1303;21.71;49.97;5.300;209.0;29.61;
1-1304;21.73;49.97;5.300;209.0;29.64;
1-1305;21.74;49.97;5.300;209.0;29.66;
1-1306;21.76;49.97;5.300;209.0;29.69;
1-1307;21.78;49.97;5.300;209.0;29.72;
1-1308;21.79;49.97;5.400;209.0;29.75;
1-1309;21.81;49.97;5.300;209.0;29.78;
1-1310;21.83;49.97;5.300;209.0;29.80;
1-1311;21.84;49.97;5.400;209.0;29.83;
1-1312;21.86;49.97;5.300;209.0;29.86;
1-1313;21.88;49.97;5.300;209.0;29.89;
1-1314;21.89;49.97;5.400;209.0;29.91;
1-1315;21.91;49.97;5.500;209.0;29.94;
1-1316;21.93;49.97;5.400;209.0;29.97;
1-1317;21.94;49.97;5.400;209.0;30.00;
1-1318;21.96;49.97;5.400;209.0;30.03;
1-1319;21.98;49.97;5.300;209.0;30.06;
1-1320;21.99;49.97;5.400;209.0;30.08;
1-1321;22.01;49.97;5.400;209.1;30.11;
1-1322;22.03;49.97;5.400;209.1;30.14;
1-1323;22.04;49.97;5.400;209.1;30.17;
1-1324;22.06;49.97;5.400;209.1;30.20;
1-1325;22.08;49.97;5.300;209.1;30.23;
1-1326;22.09;49.97;5.500;209.1;30.25;
1-1327;22.11;49.97;5.400;209.1;30.28;
1-1328;22.13;49.97;5.400;209.1;30.31;
1-1329;22.14;49.97;5.400;209.1;30.34;
1-1330;22.16;49.97;5.400;209.2;30.37;
1-1331;22.18;49.97;5.500;209.2;30.40;
1-1332;22.19;49.97;5.400;209.2;30.42;
1-1333;22.21;49.97;5.600;209.2;30.45;
1-1334;22.23;49.97;5.500;209.2;30.48;
1-1335;22.24;49.97;5.500;209.2;30.51;
1-1336;22.26;49.97;5.600;209.2;30.54;
1-1337;22.28;49.97;5.500;209.2;30.57;
1-1338;22.29;49.97;5.500;209.2;30.60;
1-1339;22.31;49.97;5.600;209.2;30.63;
1-1340;22.33;49.97;5.600;209.2;30.66;
1-1341;22.34;49.97;5.500;209.2;30.68;
1-1342;22.36;49.97;5.600;209.2;30.71;
1-1343;22.38;49.97;5.600;209.2;30.74;
1-1344;22.39;49.97;5.700;209.2;30.77;
1-1345;22.41;49.97;5.600;209.2;30.80;
1-1346;22.43;49.97;5.700;209.2;30.83;
1-1347;22.44;49.97;5.600;209.2;30.86;
1-1348;22.46;49.97;5.700;209.3;30.89;
1-1349;22.48;49.97;5.700;209.3;30.92;
1-1350;22.49;49.97;5.700;209.3;30.95;
1-1351;22.51;49.97;5.800;209.3;30.98;
1-1352;22.53;49.97;5.700;209.3;31.01;
1-1353;22.54;49.97;5.700;209.3;31.04;
1-1354;22.56;49.97;5.700;209.3;31.07;
1-1355;22.58;49.97;5.700;209.3;31.10;
1-1356;22.59;49.97;5.800;209.3;31.13;
1-1357;22.61;49.97;5.800;209.3;31.16;
1-1358;22.63;49.97;5.900;209.3;31.19;
1-1359;22.64;49.97;5.800;209.3;31.22;
1-1360;22.66;49.97;5.700;209.3;31.25;
1-1361;22.68;49.97;5.600;209.4;31.28;
1-1362;22.69;49.97;5.800;209.4;31.31;
1-1363;22.71;49.97;5.800;209.4;31.34;
1-1364;22.73;49.97;5.800;209.4;31.37;
1-1365;22.74;49.97;5.800;209.4;31.40;
1-1366;22.76;49.97;5.800;209.4;31.43;
1-1367;22.78;49.97;5.800;209.4;31.46;
1-1368;22.79;49.97;5.800;209.4;31.49;
1-1369;22.81;49.97;5.900;209.4;31.52;
1-1370;22.83;49.97;5.900;209.4;31.56;
1-1371;22.84;49.97;5.900;209.4;31.59;
1-1372;22.86;49.97;5.900;209.4;31.62;
1-1373;22.88;49.97;5.800;209.5;31.65;
1-1374;22.89;49.97;5.900;209.5;31.68;
1-1375;22.91;49.97;5.900;209.4;31.71;
1-1376;22.93;49.97;6.000;209.5;31.74;
1-1377;22.94;49.97;5.900;209.5;31.77;
1-1378;22.96;49.97;6.000;209.5;31.80;
1-1379;22.98;49.97;5.900;209.5;31.83;
1-1380;22.99;49.97;6.000;209.5;31.86;
1-1381;23.01;49.97;6.000;209.6;31.90;
1-1382;23.03;49.97;6.000;209.6;31.93;
1-1383;23.04;49.97;6.000;209.6;31.96;
1-1384;23.06;49.97;6.000;209.6;31.99;
1-1385;23.08;49.97;5.900;209.6;32.02;
1-1386;23.09;49.97;6.000;209.6;32.05;
1-1387;23.11;49.97;6.100;209.6;32.08;
1-1388;23.13;49.97;6.000;209.6;32.12;
1-1389;23.14;49.97;6.000;209.6;32.15;
1-1390;23.16;49.97;6.200;209.6;32.18;
1-1391;23.18;49.97;6.000;209.6;32.21;
1-1392;23.19;49.97;6.000;209.6;32.24;
1-1393;23.21;49.97;6.000;209.6;32.27;
1-1394;23.23;49.97;6.100;209.6;32.31;
1-1395;23.24;49.97;6.000;209.6;32.34;
1-1396;23.26;49.97;6.100;209.6;32.37;
1-1397;23.28;49.97;6.100;209.6;32.40;
1-1398;23.29;49.97;6.100;209.6;32.43;
1-1399;23.31;49.97;6.100;209.6;32.46;
1-1400;23.33;49.97;6.100;209.7;32.50;
1-1401;23.34;49.97;6.000;209.6;32.53;
1-1402;23.36;49.97;6.100;209.7;32.56;
1-1403;23.38;49.97;6.100;209.7;32.59;
1-1404;23.39;49.97;6.100;209.7;32.62;
1-1405;23.41;49.97;6.200;209.7;32.66;
1-1406;23.43;49.97;6.200;209.7;32.69;
1-1407;23.44;49.97;6.200;209.8;32.72;
1-1408;23.46;49.97;6.300;209.8;32.75;
1-1409;23.48;49.97;6.200;209.8;32.79;
1-1410;23.49;49.97;6.200;209.8;32.82;
1-1411;23.51;49.97;6.200;209.8;32.85;
1-1412;23.53;49.97;6.300;209.8;32.88;
1-1413;23.54;49.97;6.200;209.8;32.92;
1-1414;23.56;49.97;6.300;209.8;32.95;
1-1415;23.58;49.97;6.200;209.8;32.98;
1-1416;23.59;49.97;6.300;209.8;33.01;
1-1417;23.61;49.97;6.400;209.8;33.05;
1-1418;23.63;49.97;6.300;209.8;33.08;
1-1419;23.64;49.97;6.300;209.8;33.11;
1-1420;23.66;49.97;6.300;209.8;33.15;
1-1421;23.68;49.97;6.400;209.8;33.18;
1-1422;23.69;49.97;6.300;209.8;33.21;
1-1423;23.71;49.97;6.400;209.8;33.25;
1-1424;23.73;49.97;6.500;209.8;33.28;
1-1425;23.74;49.97;6.300;209.8;33.31;
1-1426;23.76;49.97;6.300;209.8;33.35;
1-1427;23.78;49.97;6.300;209.8;33.38;
1-1428;23.79;49.97;6.400;209.8;33.41;
1-1429;23.81;49.97;6.400;209.8;33.45;
1-1430;23.83;49.97;6.400;209.9;33.48;
1-1431;23.84;49.97;6.400;209.9;33.51;
1-1432;23.86;49.97;6.400;209.9;33.55;
1-1433;23.88;49.97;6.400;209.9;33.58;
1-1434;23.89;49.97;6.400;209.9;33.61;
1-1435;23.91;49.97;6.500;210.0;33.65;
1-1436;23.93;49.97;6.500;210.0;33.68;
1-1437;23.94;49.97;6.500;210.0;33.72;
1-1438;23.96;49.97;6.500;210.0;33.75;
1-1439;23.98;49.97;6.500;210.0;33.78;
1-1440;23.99;49.97;6.500;210.0;33.82;
1-1441;24.01;49.97;6.600;210.0;33.85;
1-1442;24.03;49.97;6.600;210.0;33.89;
1-1443;24.04;49.97;6.500;210.0;33.92;
1-1444;24.06;49.97;6.600;210.1;33.96;
1-1445;24.08;49.97;6.600;210.1;33.99;
1-1446;24.09;49.97;6.600;210.1;34.02;
1-1447;24.11;49.97;6.600;210.1;34.06;
1-1448;24.13;49.97;6.600;210.1;34.09;
1-1449;24.14;49.97;6.600;210.1;34.13;
1-1450;24.16;49.97;6.600;210.1;34.16;
1-1451;24.18;49.97;6.700;210.1;34.20;
1-1452;24.19;49.97;6.700;210.2;34.23;
1-1453;24.21;49.97;6.800;210.2;34.27;
1-1454;24.23;49.97;6.700;210.2;34.30;
1-1455;24.24;49.97;6.800;210.2;34.34;
1-1456;24.26;49.97;6.700;210.2;34.37;
1-1457;24.28;49.97;6.800;210.2;34.41;
1-1458;24.29;49.97;6.700;210.2;34.44;
1-1459;24.31;49.97;6.900;210.2;34.48;
1-1460;24.33;49.97;6.800;210.2;34.52;
1-1461;24.34;49.97;6.800;210.2;34.55;
1-1462;24.36;49.97;6.900;210.3;34.59;
1-1463;24.38;49.97;6.900;210.3;34.62;
1-1464;24.39;49.97;6.900;210.3;34.66;
1-1465;24.41;49.97;6.800;210.3;34.70;
1-1466;24.43;49.97;6.900;210.3;34.73;
1-1467;24.44;49.97;7.000;210.3;34.77;
1-1468;24.46;49.97;6.800;210.3;34.80;
1-1469;24.48;49.97;7.000;210.4;34.84;
1-1470;24.49;49.97;6.900;210.4;34.88;
1-1471;24.51;49.97;7.000;210.4;34.91;
1-1472;24.53;49.97;6.900;210.4;34.95;
1-1473;24.54;49.97;7.100;210.4;34.99;
1-1474;24.56;49.97;7.000;210.4;35.02;
1-1475;24.58;49.97;7.000;210.4;35.06;
1-1476;24.59;49.97;6.900;210.4;35.10;
1-1477;24.61;49.97;7.100;210.4;35.13;
1-1478;24.63;49.97;7.100;210.4;35.17;
1-1479;24.64;49.97;7.100;210.5;35.21;
1-1480;24.66;49.97;7.000;210.5;35.24;
1-1481;24.68;49.97;7.200;210.5;35.28;
1-1482;24.69;49.97;7.100;210.5;35.32;
1-1483;24.71;49.97;7.100;210.5;35.36;
1-1484;24.73;49.97;7.200;210.5;35.39;
1-1485;24.74;49.97;7.200;210.5;35.43;
1-1486;24.76;49.97;7.000;210.5;35.47;
1-1487;24.78;49.97;7.300;210.5;35.50;
1-1488;24.79;49.97;7.200;210.6;35.54;
1-1489;24.81;49.97;7.400;210.6;35.58;
1-1490;24.83;49.97;7.200;210.6;35.62;
1-1491;24.84;49.97;7.400;210.6;35.66;
1-1492;24.86;49.97;7.200;210.6;35.70;
1-1493;24.88;49.97;7.400;210.6;35.73;
1-1494;24.89;49.97;7.300;210.6;35.77;
1-1495;24.91;49.97;7.400;210.6;35.81;
1-1496;24.93;49.97;7.500;210.6;35.85;
1-1497;24.94;49.97;7.300;210.6;35.89;
1-1498;24.96;49.97;7.400;210.6;35.93;
1-1499;24.98;49.97;7.500;210.6;35.97;
1-1500;24.99;49.97;7.400;210.7;36.00;
1-1501;25.01;49.97;7.400;210.7;36.04;
1-1502;25.03;49.97;7.500;210.7;36.08;
1-1503;25.04;49.97;7.600;210.7;36.12;
1-1504;25.06;49.97;7.400;210.7;36.16;
1-1505;25.08;49.97;7.600;210.8;36.20;
1-1506;25.09;49.97;7.400;210.8;36.24;
1-1507;25.11;49.97;7.500;210.8;36.28;
1-1508;25.13;49.97;7.500;210.8;36.32;
1-1509;25.14;49.97;7.700;210.8;36.36;
1-1510;25.16;49.97;7.600;210.8;36.40;
1-1511;25.18;49.97;7.700;210.8;36.44;
1-1512;25.19;49.97;7.600;210.8;36.48;
1-1513;25.21;49.97;7.600;210.8;36.52;
1-1514;25.23;49.97;7.700;210.8;36.56;
1-1515;25.24;49.97;7.600;210.9;36.60;
1-1516;25.26;49.97;7.700;210.9;36.64;
1-1517;25.28;49.97;7.700;210.9;36.68;
1-1518;25.29;49.97;7.600;210.9;36.72;
1-1519;25.31;49.97;7.700;210.9;36.76;
1-1520;25.33;49.97;7.900;210.9;36.80;
1-1521;25.34;49.97;7.900;210.9;36.84;
1-1522;25.36;49.97;7.700;210.9;36.88;
1-1523;25.38;49.97;7.900;211.0;36.92;
1-1524;25.39;49.97;7.800;211.0;36.96;
1-1525;25.41;49.97;7.900;211.0;37.00;
1-1526;25.43;49.97;7.800;211.0;37.05;
1-1527;25.44;49.97;8.000;211.0;37.09;
1-1528;25.46;49.97;7.800;211.0;37.13;
1-1529;25.48;49.97;7.900;211.0;37.17;
1-1530;25.49;49.97;8.000;211.0;37.21;
1-1531;25.51;49.97;8.000;211.0;37.25;
1-1532;25.53;49.97;8.100;211.0;37.29;
1-1533;25.54;49.97;8.000;211.1;37.34;
1-1534;25.56;49.97;8.200;211.1;37.38;
1-1535;25.58;49.97;8.200;211.1;37.42;
1-1536;25.59;49.97;8.200;211.1;37.46;
1-1537;25.61;49.97;8.200;211.2;37.51;
1-1538;25.63;49.97;8.300;211.2;37.55;
1-1539;25.64;49.97;8.400;211.2;37.59;
1-1540;25.66;49.97;8.200;211.2;37.64;
1-1541;25.68;49.97;8.400;211.2;37.68;
1-1542;25.69;49.97;8.400;211.2;37.73;
1-1543;25.71;49.97;8.400;211.2;37.77;
1-1544;25.73;49.97;8.400;211.3;37.81;
1-1545;25.74;49.97;8.600;211.3;37.86;
1-1546;25.76;49.97;8.500;211.3;37.90;
1-1547;25.78;49.97;8.500;211.3;37.95;
1-1548;25.79;49.97;8.600;211.3;37.99;
1-1549;25.81;49.97;8.600;211.4;38.04;
1-1550;25.83;49.97;8.900;211.4;38.08;
1-1551;25.84;49.97;8.700;211.4;38.13;
1-1552;25.86;49.97;8.800;211.4;38.17;
1-1553;25.88;49.97;8.700;211.4;38.22;
1-1554;25.89;49.97;8.800;211.5;38.27;
1-1555;25.91;49.97;8.800;211.5;38.31;
1-1556;25.93;49.97;9.000;211.5;38.36;
1-1557;25.94;49.97;9.200;211.5;38.41;
1-1558;25.96;49.97;9.000;211.5;38.45;
1-1559;25.98;49.97;9.000;211.6;38.50;
1-1560;25.99;49.97;9.100;211.6;38.55;
1-1561;26.01;49.97;9.200;211.6;38.60;
1-1562;26.03;49.97;9.300;211.6;38.64;
1-1563;26.04;49.97;9.600;211.6;38.69;
1-1564;26.06;49.97;9.400;211.6;38.74;
1-1565;26.08;49.97;9.300;211.7;38.79;
1-1566;26.09;49.97;9.600;211.7;38.84;
1-1567;26.11;49.97;9.500;211.8;38.89;
1-1568;26.13;49.97;9.700;211.8;38.94;
1-1569;26.14;49.97;9.700;211.8;38.99;
1-1570;26.16;49.97;10.00;211.9;39.04;
1-1571;26.18;49.97;9.800;211.9;39.10;
1-1572;26.19;49.97;10.00;212.0;39.15;
1-1573;26.21;49.97;9.900;212.0;39.20;
1-1574;26.23;49.97;10.20;212.0;39.25;
1-1575;26.24;49.97;10.30;212.1;39.31;
1-1576;26.26;49.97;10.30;212.1;39.36;
1-1577;26.28;49.97;10.40;212.2;39.41;
1-1578;26.29;49.97;10.40;212.2;39.47;
1-1579;26.31;49.97;10.30;212.2;39.52;
1-1580;26.33;49.97;10.60;212.3;39.58;
1-1581;26.34;49.97;10.80;212.3;39.63;
1-1582;26.36;49.97;10.70;212.4;39.69;
1-1583;26.38;49.97;10.50;212.4;39.75;
1-1584;26.39;49.97;11.00;212.5;39.80;
1-1585;26.41;49.97;10.80;212.5;39.86;
1-1586;26.43;49.97;11.10;212.6;39.92;
1-1587;26.44;49.97;11.00;212.6;39.97;
1-1588;26.46;49.97;11.50;212.7;40.03;
1-1589;26.48;49.97;11.20;212.7;40.09;
1-1590;26.49;49.97;11.50;212.8;40.15;
1-1591;26.51;49.97;11.40;212.8;40.21;
1-1592;26.53;49.97;11.50;212.9;40.27;
1-1593;26.54;49.97;11.70;213.0;40.33;
1-1594;26.56;49.97;11.70;213.0;40.39;
1-1595;26.58;49.97;11.70;213.1;40.45;
1-1596;26.59;49.97;11.70;213.2;40.52;
1-1597;26.61;49.97;11.90;213.2;40.58;
1-1598;26.63;49.97;12.00;213.3;40.64;
1-1599;26.64;49.97;12.20;213.4;40.70;
1-1600;26.66;49.97;12.30;213.4;40.77;
1-1601;26.68;49.97;12.00;213.5;40.83;
1-1602;26.69;49.97;12.60;213.6;40.90;
1-1603;26.71;49.97;12.20;213.6;40.96;
1-1604;26.73;49.97;12.70;213.7;41.03;
1-1605;26.74;49.97;12.70;213.7;41.09;
1-1606;26.76;49.97;13.10;213.8;41.16;
1-1607;26.78;49.97;12.60;213.8;41.23;
1-1608;26.79;49.97;13.00;213.9;41.29;
1-1609;26.81;49.97;13.00;213.9;41.36;
1-1610;26.83;49.97;13.00;214.0;41.43;
1-1611;26.84;49.97;13.30;214.0;41.50;
1-1612;26.86;49.97;13.20;214.1;41.57;
1-1613;26.88;49.97;13.50;214.1;41.64;
1-1614;26.89;49.97;13.50;214.1;41.71;
1-1615;26.91;49.97;13.40;214.2;41.78;
1-1616;26.93;49.97;13.70;214.3;41.85;
1-1617;26.94;49.97;13.80;214.3;41.92;
1-1618;26.96;49.97;13.80;214.3;41.99;
1-1619;26.98;49.97;13.40;214.4;42.07;
1-1620;26.99;49.97;13.80;214.4;42.14;
1-1621;27.01;49.97;13.80;214.5;42.21;
1-1622;27.03;49.97;13.80;214.5;42.28;
1-1623;27.04;49.97;13.90;214.6;42.35;
1-1624;27.06;49.97;14.20;214.6;42.43;
1-1625;27.08;49.97;13.70;214.6;42.50;
1-1626;27.09;49.97;14.20;214.7;42.57;
1-1627;27.11;49.97;13.80;214.7;42.65;
1-1628;27.13;49.97;14.30;214.8;42.72;
1-1629;27.14;49.97;14.10;214.8;42.79;
1-1630;27.16;49.97;14.20;214.9;42.87;
1-1631;27.18;49.97;14.20;214.9;42.94;
1-1632;27.19;49.97;14.20;214.9;43.02;
1-1633;27.21;49.97;14.90;214.9;43.09;
1-1634;27.23;49.97;14.40;215.0;43.17;
1-1635;27.24;49.97;14.90;215.1;43.25;
1-1636;27.26;49.97;15.00;215.1;43.32;
1-1637;27.28;49.97;14.30;215.1;43.40;
1-1638;27.29;49.97;14.90;215.2;43.48;
1-1639;27.31;49.97;14.70;215.2;43.56;
1-1640;27.33;49.97;14.80;215.2;43.63;
1-1641;27.34;49.97;15.20;215.2;43.71;
1-1642;27.36;49.97;15.00;215.2;43.79;
1-1643;27.38;49.97;14.90;215.3;43.87;
1-1644;27.39;49.97;14.70;215.4;43.95;
1-1645;27.41;49.97;14.60;215.4;44.02;
1-1646;27.43;49.97;14.60;215.4;44.10;
1-1647;27.44;49.97;15.00;215.5;44.18;
1-1648;27.46;49.97;15.40;215.5;44.26;
1-1649;27.48;49.97;15.00;215.5;44.34;
1-1650;27.49;49.97;15.30;215.5;44.41;
1-1651;27.51;49.97;15.50;215.6;44.50;
1-1652;27.53;49.97;15.50;215.6;44.58;
1-1653;27.54;49.97;15.60;215.6;44.66;
1-1654;27.56;49.97;15.60;215.7;44.74;
1-1655;27.58;49.97;15.50;215.8;44.82;
1-1656;27.59;49.97;15.20;215.8;44.90;
1-1657;27.61;49.97;15.40;215.8;44.98;
1-1658;27.63;49.97;15.50;215.9;45.06;
1-1659;27.64;49.97;15.50;215.9;45.14;
1-1660;27.66;49.97;16.00;215.9;45.23;
1-1661;27.68;49.97;15.50;216.0;45.31;
1-1662;27.69;49.97;15.60;216.1;45.39;
1-1663;27.71;49.97;15.70;216.1;45.47;
1-1664;27.73;49.97;15.80;216.1;45.55;
1-1665;27.74;49.97;15.60;216.2;45.64;
1-1666;27.76;49.97;15.80;216.2;45.72;
1-1667;27.78;49.97;15.30;216.2;45.80;
1-1668;27.79;49.97;15.10;216.2;45.88;
1-1669;27.81;49.97;15.60;216.3;45.96;
1-1670;27.83;49.97;15.60;216.3;46.04;
1-1671;27.84;49.97;15.30;216.4;46.12;
1-1672;27.86;49.97;14.90;216.4;46.20;
1-1673;27.88;49.97;14.90;216.4;46.28;
1-1674;27.89;49.97;14.90;216.5;46.36;
1-1675;27.91;49.97;14.70;216.5;46.43;
1-1676;27.93;49.97;15.10;216.6;46.51;
1-1677;27.94;49.97;14.40;216.6;46.59;
1-1678;27.96;49.97;14.80;216.6;46.67;
1-1679;27.98;49.97;14.50;216.6;46.74;
1-1680;27.99;49.97;14.20;216.7;46.82;
1-1681;28.01;49.97;13.70;216.7;46.89;
1-1682;28.03;49.97;14.00;216.7;46.96;
1-1683;28.04;49.97;13.40;216.7;47.03;
1-1684;28.06;49.97;13.30;216.7;47.10;
1-1685;28.08;49.97;12.60;216.7;47.17;
1-1686;28.09;49.97;12.10;216.7;47.24;
1-1687;28.11;49.97;12.50;216.7;47.30;
1-1688;28.13;49.97;12.20;216.7;47.37;
1-1689;28.14;49.97;11.90;216.7;47.43;
1-1690;28.16;49.97;11.40;216.7;47.49;
1-1691;28.18;49.97;11.20;216.7;47.55;
1-1692;28.19;49.97;11.00;216.7;47.61;
1-1693;28.21;49.97;10.60;216.7;47.66;
1-1694;28.23;49.97;10.20;216.7;47.72;
1-1695;28.24;49.97;10.00;216.6;47.77;
1-1696;28.26;49.97;10.10;216.6;47.82;
1-1697;28.28;49.97;9.800;216.6;47.88;
1-1698;28.29;49.97;9.500;216.6;47.93;
1-1699;28.31;49.97;9.400;216.5;47.98;
1-1700;28.33;49.97;9.500;216.5;48.02;
1-1701;28.34;49.97;9.300;216.4;48.07;
1-1702;28.36;49.97;9.100;216.4;48.12;
1-1703;28.38;49.97;8.800;216.3;48.17;
1-1704;28.39;49.97;8.300;216.3;48.21;
1-1705;28.41;49.97;8.300;216.3;48.26;
1-1706;28.43;49.97;8.200;216.2;48.30;
1-1707;28.44;49.97;8.100;216.2;48.34;
1-1708;28.46;49.97;8.100;216.1;48.39;
1-1709;28.48;49.97;7.900;216.1;48.43;
1-1710;28.49;49.97;7.500;216.0;48.47;
1-1711;28.51;49.97;7.900;216.0;48.51;
1-1712;28.53;49.97;7.700;215.9;48.55;
1-1713;28.54;49.97;7.900;215.9;48.59;
1-1714;28.56;49.97;7.800;215.8;48.63;
1-1715;28.58;49.97;7.800;215.8;48.67;
1-1716;28.59;49.97;7.400;215.7;48.71;
1-1717;28.61;49.97;7.400;215.7;48.75;
1-1718;28.63;49.97;7.500;215.6;48.79;
1-1719;28.64;49.97;7.400;215.5;48.83;
1-1720;28.66;49.97;7.400;215.5;48.87;
1-1721;28.68;49.97;7.300;215.4;48.91;
1-1722;28.69;49.97;7.300;215.4;48.94;
1-1723;28.71;49.97;7.600;215.3;48.98;
1-1724;28.73;49.97;7.600;215.3;49.02;
1-1725;28.74;49.97;7.700;215.2;49.06;
1-1726;28.76;49.97;7.100;215.2;49.10;
1-1727;28.78;49.97;7.300;215.2;49.14;
1-1728;28.79;49.97;7.300;215.1;49.18;
1-1729;28.81;49.97;7.700;215.1;49.22;
1-1730;28.83;49.97;7.100;215.0;49.25;
1-1731;28.84;49.97;7.900;215.0;49.29;
1-1732;28.86;49.97;7.700;215.0;49.33;
1-1733;28.88;49.97;7.400;215.0;49.37;
1-1734;28.89;49.97;7.200;215.0;49.41;
1-1735;28.91;49.97;7.900;214.9;49.45;
1-1736;28.93;49.97;7.700;214.9;49.49;
1-1737;28.94;49.97;7.300;214.9;49.53;
1-1738;28.96;49.97;7.500;214.9;49.57;
1-1739;28.98;49.97;7.600;214.9;49.61;
1-1740;28.99;49.97;7.200;214.9;49.65;
1-1741;29.01;49.97;7.500;214.9;49.69;
1-1742;29.03;49.97;7.700;214.8;49.73;
1-1743;29.04;49.97;7.900;214.8;49.77;
1-1744;29.06;49.97;8.000;214.8;49.81;
1-1745;29.08;49.97;8.100;214.8;49.85;
1-1746;29.09;49.97;8.300;214.8;49.89;
1-1747;29.11;49.97;7.800;214.8;49.94;
1-1748;29.13;49.97;7.500;214.8;49.98;
1-1749;29.14;49.97;7.900;214.8;50.02;
1-1750;29.16;49.97;7.200;214.7;50.06;
1-1751;29.18;49.97;7.100;214.7;50.09;
1-1752;29.19;49.97;7.500;214.6;50.13;
1-1753;29.21;49.97;7.700;214.6;50.17;
1-1754;29.23;49.97;7.300;214.5;50.21;
1-1755;29.24;49.97;7.300;214.5;50.25;
1-1756;29.26;49.97;6.700;214.4;50.29;
1-1757;29.28;49.97;6.800;214.3;50.32;
1-1758;29.29;49.97;6.500;214.3;50.36;
1-1759;29.31;49.97;6.600;214.2;50.39;
1-1760;29.33;49.97;6.900;214.1;50.43;
1-1761;29.34;49.97;6.600;214.1;50.46;
1-1762;29.36;49.97;6.300;214.0;50.50;
1-1763;29.38;49.97;6.800;214.0;50.53;
1-1764;29.39;49.97;7.000;213.9;50.57;
1-1765;29.41;49.97;6.700;213.9;50.60;
1-1766;29.43;49.97;7.000;213.8;50.64;
1-1767;29.44;49.97;6.700;213.8;50.67;
1-1768;29.46;49.97;7.000;213.8;50.71;
1-1769;29.48;49.97;6.900;213.8;50.75;
1-1770;29.49;49.97;7.200;213.7;50.78;
1-1771;29.51;49.97;8.000;213.7;50.82;
1-1772;29.53;49.97;7.200;213.7;50.86;
1-1773;29.54;49.97;7.300;213.7;50.90;
1-1774;29.56;49.97;7.100;213.7;50.94;
1-1775;29.58;49.97;7.300;213.7;50.97;
1-1776;29.59;49.97;7.000;213.7;51.01;
1-1777;29.61;49.97;6.900;213.7;51.05;
1-1778;29.63;49.97;6.700;213.6;51.08;
1-1779;29.64;49.97;6.800;213.6;51.12;
1-1780;29.66;49.97;7.100;213.6;51.16;
1-1781;29.68;49.97;7.400;213.5;51.19;
1-1782;29.69;49.97;7.300;213.5;51.23;
1-1783;29.71;49.97;7.000;213.5;51.27;
1-1784;29.73;49.97;7.200;213.5;51.31;
1-1785;29.74;49.97;6.800;213.5;51.34;
1-1786;29.76;49.97;7.100;213.4;51.38;
1-1787;29.78;49.97;7.000;213.4;51.42;
1-1788;29.79;49.97;7.400;213.4;51.45;
1-1789;29.81;49.97;7.300;213.4;51.49;
1-1790;29.83;49.97;6.800;213.4;51.53;
1-1791;29.84;49.97;6.600;213.3;51.56;
1-1792;29.86;49.97;7.000;213.3;51.60;
1-1793;29.88;49.97;7.000;213.3;51.64;
1-1794;29.89;49.97;6.700;213.3;51.67;
1-1795;29.91;49.97;6.700;213.3;51.71;
1-1796;29.93;49.97;7.100;213.2;51.74;
1-1797;29.94;49.97;6.900;213.2;51.78;
1-1798;29.96;49.97;6.900;213.2;51.82;
1-1799;29.98;49.97;7.400;213.2;51.85;
1-1800;29.99;49.97;7.000;213.2;51.89;
1-1801;30.01;49.97;7.200;213.2;51.93;
1-1802;30.03;49.97;7.700;213.2;51.97;
1-1803;30.04;49.97;7.100;213.2;52.01;
1-1804;30.06;49.97;7.100;213.2;52.04;
1-1805;30.08;49.97;7.600;213.2;52.08;
1-1806;30.09;49.97;7.600;213.2;52.12;
1-1807;30.11;49.97;6.900;213.2;52.16;
1-1808;30.13;49.97;7.600;213.2;52.20;
1-1809;30.14;49.97;7.500;213.2;52.24;
1-1810;30.16;49.97;7.700;213.2;52.28;
1-1811;30.18;49.97;7.500;213.2;52.32;
1-1812;30.19;49.97;7.600;213.1;52.36;
1-1813;30.21;49.97;7.800;213.1;52.40;
1-1814;30.23;49.97;7.800;213.1;52.44;
1-1815;30.24;49.97;7.600;213.1;52.48;
1-1816;30.26;49.97;7.500;213.0;52.52;
1-1817;30.28;49.97;8.000;213.0;52.56;
1-1818;30.29;49.97;7.300;213.0;52.60;
1-1819;30.31;49.97;7.200;213.0;52.64;
1-1820;30.33;49.97;7.500;213.0;52.67;
1-1821;30.34;49.97;7.400;213.0;52.71;
1-1822;30.36;49.97;7.500;213.0;52.75;
1-1823;30.38;49.97;7.800;213.0;52.79;
1-1824;30.39;49.97;8.200;213.0;52.83;
1-1825;30.41;49.97;7.700;213.0;52.88;
1-1826;30.43;49.97;7.900;213.0;52.92;
1-1827;30.44;49.97;7.900;213.0;52.96;
1-1828;30.46;49.97;8.000;213.0;53.00;
1-1829;30.48;49.97;8.000;213.0;53.04;
1-1830;30.49;49.97;7.700;213.0;53.08;
1-1831;30.51;49.97;7.900;213.0;53.12;
1-1832;30.53;49.97;8.100;213.0;53.17;
1-1833;30.54;49.97;7.900;213.0;53.21;
1-1834;30.56;49.97;8.000;213.0;53.25;
1-1835;30.58;49.97;8.300;213.0;53.29;
1-1836;30.59;49.97;8.000;213.0;53.33;
1-1837;30.61;49.97;7.400;213.0;53.37;
1-1838;30.63;49.97;7.500;213.0;53.41;
1-1839;30.64;49.97;7.600;213.0;53.45;
1-1840;30.66;49.97;7.800;212.9;53.49;
1-1841;30.68;49.97;7.400;212.9;53.53;
1-1842;30.69;49.97;7.300;212.9;53.57;
1-1843;30.71;49.97;7.000;212.9;53.61;
1-1844;30.73;49.97;7.300;212.8;53.65;
1-1845;30.74;49.97;7.100;212.8;53.68;
1-1846;30.76;49.97;7.200;212.8;53.72;
1-1847;30.78;49.97;7.600;212.8;53.76;
1-1848;30.79;49.97;7.200;212.8;53.80;
1-1849;30.81;49.97;7.400;212.8;53.84;
1-1850;30.83;49.97;7.600;212.8;53.88;
1-1851;30.84;49.97;7.600;212.8;53.92;
1-1852;30.86;49.97;7.400;212.8;53.96;
1-1853;30.88;49.97;7.000;212.8;53.99;
1-1854;30.89;49.97;7.300;212.8;54.03;
1-1855;30.91;49.97;7.300;212.7;54.07;
1-1856;30.93;49.97;7.300;212.7;54.11;
1-1857;30.94;49.97;6.900;212.7;54.14;
1-1858;30.96;49.97;7.600;212.7;54.18;
1-1859;30.98;49.97;7.300;212.7;54.22;
1-1860;30.99;49.97;7.100;212.7;54.26;
1-1861;31.01;49.97;7.200;212.6;54.30;
1-1862;31.03;49.97;7.000;212.6;54.33;
1-1863;31.04;49.97;7.100;212.6;54.37;
1-1864;31.06;49.97;6.800;212.6;54.41;
1-1865;31.08;49.97;6.600;212.6;54.44;
1-1866;31.09;49.97;6.500;212.6;54.48;
1-1867;31.11;49.97;6.400;212.5;54.51;
1-1868;31.13;49.97;6.400;212.5;54.54;
1-1869;31.14;49.97;6.500;212.5;54.58;
1-1870;31.16;49.97;6.400;212.5;54.61;
1-1871;31.18;49.97;6.600;212.4;54.64;
1-1872;31.19;49.97;6.500;212.4;54.68;
1-1873;31.21;49.97;6.400;212.4;54.71;
1-1874;31.23;49.97;6.400;212.4;54.75;
1-1875;31.24;49.97;6.400;212.4;54.78;
1-1876;31.26;49.97;6.400;212.4;54.81;
1-1877;31.28;49.97;6.500;212.3;54.85;
1-1878;31.29;49.97;6.600;212.3;54.88;
1-1879;31.31;49.97;6.400;212.3;54.92;
1-1880;31.33;49.97;6.400;212.3;54.95;
1-1881;31.34;49.97;6.400;212.3;54.98;
1-1882;31.36;49.97;6.500;212.3;55.02;
1-1883;31.38;49.97;6.400;212.2;55.05;
1-1884;31.39;49.97;6.500;212.2;55.08;
1-1885;31.41;49.97;6.500;212.2;55.12;
1-1886;31.43;49.97;6.500;212.2;55.15;
1-1887;31.44;49.97;6.500;212.2;55.19;
1-1888;31.46;49.97;6.500;212.2;55.22;
1-1889;31.48;49.97;6.500;212.2;55.25;
1-1890;31.49;49.97;6.600;212.3;55.29;
1-1891;31.51;49.97;6.400;212.2;55.32;
1-1892;31.53;49.97;6.500;212.2;55.36;
1-1893;31.54;49.97;6.500;212.2;55.39;
1-1894;31.56;49.97;6.500;212.2;55.42;
1-1895;31.58;49.97;6.500;212.2;55.46;
1-1896;31.59;49.97;6.600;212.2;55.49;
1-1897;31.61;49.97;6.500;212.2;55.53;
1-1898;31.63;49.97;6.400;212.2;55.56;
1-1899;31.64;49.97;6.500;212.2;55.59;
1-1900;31.66;49.97;6.400;212.2;55.63;
1-1901;31.68;49.97;6.600;212.2;55.66;
1-1902;31.69;49.97;6.600;212.2;55.70;
1-1903;31.71;49.97;6.500;212.2;55.73;
1-1904;31.73;49.97;6.500;212.2;55.76;
1-1905;31.74;49.97;6.600;212.2;55.80;
1-1906;31.76;49.97;6.800;212.2;55.83;
1-1907;31.78;49.97;6.600;212.1;55.87;
1-1908;31.79;49.97;6.700;212.1;55.90;
1-1909;31.81;49.97;6.600;212.2;55.94;
1-1910;31.83;49.97;6.600;212.2;55.97;
1-1911;31.84;49.97;6.600;212.2;56.01;
1-1912;31.86;49.97;6.600;212.2;56.04;
1-1913;31.88;49.97;6.500;212.1;56.08;
1-1914;31.89;49.97;6.600;212.1;56.11;
1-1915;31.91;49.97;6.700;212.1;56.15;
1-1916;31.93;49.97;6.600;212.1;56.18;
1-1917;31.94;49.97;6.600;212.1;56.22;
1-1918;31.96;49.97;6.500;212.1;56.25;
1-1919;31.98;49.97;6.700;212.1;56.28;
1-1920;31.99;49.97;6.600;212.1;56.32;
1-1921;32.01;49.97;6.700;212.1;56.35;
1-1922;32.03;49.97;6.600;212.1;56.39;
1-1923;32.04;49.97;6.600;212.1;56.42;
1-1924;32.06;49.97;6.800;212.1;56.46;
1-1925;32.08;49.97;6.600;212.1;56.49;
1-1926;32.09;49.97;6.800;212.1;56.53;
1-1927;32.11;49.97;6.700;212.1;56.56;
1-1928;32.13;49.97;6.700;212.1;56.60;
1-1929;32.14;49.97;6.700;212.1;56.63;
1-1930;32.16;49.97;6.700;212.1;56.67;
1-1931;32.18;49.97;6.600;212.1;56.70;
1-1932;32.19;49.97;6.900;212.1;56.74;
1-1933;32.21;49.97;6.800;212.1;56.77;
1-1934;32.23;49.97;6.600;212.1;56.81;
1-1935;32.24;49.97;6.800;212.1;56.84;
1-1936;32.26;49.97;6.700;212.1;56.88;
1-1937;32.28;49.97;6.800;212.1;56.92;
1-1938;32.29;49.97;6.800;212.1;56.95;
1-1939;32.31;49.97;6.800;212.1;56.99;
1-1940;32.33;49.97;6.700;212.1;57.02;
1-1941;32.34;49.97;6.800;212.1;57.06;
1-1942;32.36;49.97;6.800;212.1;57.09;
1-1943;32.38;49.97;6.800;212.1;57.13;
1-1944;32.39;49.97;6.900;212.1;57.16;
1-1945;32.41;49.97;6.700;212.1;57.20;
1-1946;32.43;49.97;6.700;212.1;57.23;
1-1947;32.44;49.97;6.800;212.1;57.27;
1-1948;32.46;49.97;6.800;212.1;57.31;
1-1949;32.48;49.97;6.700;212.1;57.34;
1-1950;32.49;49.97;6.800;212.1;57.38;
1-1951;32.51;49.97;6.800;212.1;57.41;
1-1952;32.53;49.97;6.700;212.1;57.45;
1-1953;32.54;49.97;6.800;212.1;57.48;
1-1954;32.56;49.97;6.800;212.1;57.52;
1-1955;32.58;49.97;6.800;212.1;57.55;
1-1956;32.59;49.97;6.800;212.1;57.59;
1-1957;32.61;49.97;6.800;212.1;57.63;
1-1958;32.63;49.97;6.700;212.1;57.66;
1-1959;32.64;49.97;6.800;212.1;57.70;
1-1960;32.66;49.97;6.800;212.1;57.73;
1-1961;32.68;49.97;6.800;212.1;57.77;
1-1962;32.69;49.97;6.900;212.1;57.80;
1-1963;32.71;49.97;6.900;212.1;57.84;
1-1964;32.73;49.97;6.900;212.2;57.87;
1-1965;32.74;49.97;6.800;212.1;57.91;
1-1966;32.76;49.97;6.800;212.1;57.95;
1-1967;32.78;49.97;6.800;212.1;57.98;
1-1968;32.79;49.97;6.800;212.1;58.02;
1-1969;32.81;49.97;6.900;212.1;58.05;
1-1970;32.83;49.97;6.800;212.1;58.09;
1-1971;32.84;49.97;7.000;212.1;58.13;
1-1972;32.86;49.97;6.800;212.1;58.16;
1-1973;32.88;49.97;7.000;212.1;58.20;
1-1974;32.89;49.97;6.900;212.1;58.23;
1-1975;32.91;49.97;7.000;212.1;58.27;
1-1976;32.93;49.97;6.900;212.1;58.31;
1-1977;32.94;49.97;6.900;212.1;58.34;
1-1978;32.96;49.97;6.900;212.2;58.38;
1-1979;32.98;49.97;6.800;212.2;58.41;
1-1980;32.99;49.97;6.900;212.2;58.45;
1-1981;33.01;49.97;6.900;212.1;58.49;
1-1982;33.03;49.97;6.900;212.1;58.52;
1-1983;33.04;49.97;6.800;212.1;58.56;
1-1984;33.06;49.97;6.900;212.1;58.59;
1-1985;33.08;49.97;6.900;212.2;58.63;
1-1986;33.09;49.97;7.000;212.2;58.67;
1-1987;33.11;49.97;7.000;212.2;58.70;
1-1988;33.13;49.97;6.800;212.2;58.74;
1-1989;33.14;49.97;7.000;212.2;58.78;
1-1990;33.16;49.97;7.000;212.2;58.81;
1-1991;33.18;49.97;7.000;212.2;58.85;
1-1992;33.19;49.97;6.900;212.2;58.89;
1-1993;33.21;49.97;7.100;212.2;58.92;
1-1994;33.23;49.97;7.000;212.2;58.96;
1-1995;33.24;49.97;7.000;212.2;59.00;
1-1996;33.26;49.97;7.000;212.2;59.03;
1-1997;33.28;49.97;7.000;212.2;59.07;
1-1998;33.29;49.97;7.000;212.2;59.11;
1-1999;33.31;49.97;7.000;212.2;59.14;
1-2000;33.33;49.97;7.000;212.2;59.18;
1-2001;33.34;49.97;7.000;212.2;59.22;
1-2002;33.36;49.97;7.000;212.2;59.25;
1-2003;33.38;49.97;7.000;212.2;59.29;
1-2004;33.39;49.97;7.100;212.2;59.33;
1-2005;33.41;49.97;7.100;212.2;59.36;
1-2006;33.43;49.97;6.900;212.2;59.40;
1-2007;33.44;49.97;7.100;212.2;59.44;
1-2008;33.46;49.97;6.900;212.2;59.47;
1-2009;33.48;49.97;7.100;212.2;59.51;
1-2010;33.49;49.97;7.000;212.2;59.55;
1-2011;33.51;49.97;7.200;212.2;59.58;
1-2012;33.53;49.97;7.000;212.2;59.62;
1-2013;33.54;49.97;7.000;212.2;59.66;
1-2014;33.56;49.97;7.100;212.2;59.69;
1-2015;33.58;49.97;7.000;212.2;59.73;
1-2016;33.59;49.97;7.100;212.2;59.77;
1-2017;33.61;49.97;7.000;212.2;59.80;
1-2018;33.63;49.97;7.000;212.2;59.84;
1-2019;33.64;49.97;7.000;212.2;59.88;
1-2020;33.66;49.97;7.000;212.2;59.91;
1-2021;33.68;49.97;7.100;212.2;59.95;
1-2022;33.69;49.97;7.000;212.3;59.99;
1-2023;33.71;49.97;7.200;212.3;60.03;
1-2024;33.73;49.97;7.100;212.3;60.06;
1-2025;33.74;49.97;7.200;212.3;60.10;
1-2026;33.76;49.97;7.000;212.3;60.14;
1-2027;33.78;49.97;7.200;212.3;60.17;
1-2028;33.79;49.97;7.100;212.3;60.21;
1-2029;33.81;49.97;7.200;212.3;60.25;
1-2030;33.83;49.97;7.100;212.3;60.29;
1-2031;33.84;49.97;7.100;212.3;60.32;
1-2032;33.86;49.97;7.100;212.3;60.36;
1-2033;33.88;49.97;7.000;212.3;60.40;
1-2034;33.89;49.97;7.200;212.3;60.44;
1-2035;33.91;49.97;7.200;212.3;60.47;
1-2036;33.93;49.97;7.200;212.3;60.51;
1-2037;33.94;49.97;7.100;212.3;60.55;
1-2038;33.96;49.97;7.100;212.3;60.59;
1-2039;33.98;49.97;7.200;212.3;60.62;
1-2040;33.99;49.97;7.200;212.3;60.66;
1-2041;34.01;49.97;7.200;212.3;60.70;
1-2042;34.03;49.97;7.100;212.3;60.74;
1-2043;34.04;49.97;7.100;212.3;60.77;
1-2044;34.06;49.97;7.200;212.3;60.81;
1-2045;34.08;49.97;7.200;212.3;60.85;
1-2046;34.09;49.97;7.200;212.3;60.89;
1-2047;34.11;49.97;7.200;212.3;60.92;
1-2048;34.13;49.97;7.200;212.3;60.96;
1-2049;34.14;49.97;7.100;212.3;61.00;
1-2050;34.16;49.97;7.300;212.3;61.04;
1-2051;34.18;49.97;7.100;212.3;61.07;
1-2052;34.19;49.97;7.200;212.3;61.11;
1-2053;34.21;49.97;7.200;212.3;61.15;
1-2054;34.23;49.97;7.200;212.3;61.19;
1-2055;34.24;49.97;7.200;212.3;61.22;
1-2056;34.26;49.97;7.200;212.3;61.26;
1-2057;34.28;49.97;7.300;212.3;61.30;
1-2058;34.29;49.97;7.300;212.3;61.34;
1-2059;34.31;49.97;7.400;212.3;61.38;
1-2060;34.33;49.97;7.200;212.4;61.41;
1-2061;34.34;49.97;7.200;212.4;61.45;
1-2062;34.36;49.97;7.300;212.4;61.49;
1-2063;34.38;49.97;7.300;212.4;61.53;
1-2064;34.39;49.97;7.300;212.4;61.57;
1-2065;34.41;49.97;7.400;212.4;61.60;
1-2066;34.43;49.97;7.400;212.4;61.64;
1-2067;34.44;49.97;7.200;212.4;61.68;
1-2068;34.46;49.97;7.400;212.4;61.72;
1-2069;34.48;49.97;7.200;212.4;61.76;
1-2070;34.49;49.97;7.400;212.4;61.80;
1-2071;34.51;49.97;7.300;212.4;61.83;
1-2072;34.53;49.97;7.400;212.4;61.87;
1-2073;34.54;49.97;7.100;212.4;61.91;
1-2074;34.56;49.97;7.400;212.4;61.95;
1-2075;34.58;49.97;7.400;212.4;61.99;
1-2076;34.59;49.97;7.300;212.4;62.03;
1-2077;34.61;49.97;7.400;212.4;62.06;
1-2078;34.63;49.97;7.300;212.4;62.10;
1-2079;34.64;49.97;7.400;212.4;62.14;
1-2080;34.66;49.97;7.300;212.4;62.18;
1-2081;34.68;49.97;7.300;212.4;62.22;
1-2082;34.69;49.97;7.300;212.4;62.26;
1-2083;34.71;49.97;7.400;212.4;62.30;
1-2084;34.73;49.97;7.400;212.4;62.33;
1-2085;34.74;49.97;7.300;212.4;62.37;
1-2086;34.76;49.97;7.400;212.5;62.41;
1-2087;34.78;49.97;7.200;212.5;62.45;
1-2088;34.79;49.97;7.400;212.5;62.49;
1-2089;34.81;49.97;7.300;212.5;62.53;
1-2090;34.83;49.97;7.400;212.5;62.56;
1-2091;34.84;49.97;7.300;212.5;62.60;
1-2092;34.86;49.97;7.300;212.5;62.64;
1-2093;34.88;49.97;7.400;212.5;62.68;
1-2094;34.89;49.97;7.400;212.5;62.72;
1-2095;34.91;49.97;7.500;212.5;62.76;
1-2096;34.93;49.97;7.400;212.5;62.80;
1-2097;34.94;49.97;7.400;212.5;62.83;
1-2098;34.96;49.97;7.400;212.5;62.87;
1-2099;34.98;49.97;7.400;212.5;62.91;
1-2100;34.99;49.97;7.400;212.5;62.95;
1-2101;35.01;49.97;7.500;212.5;62.99;
1-2102;35.03;49.97;7.600;212.5;63.03;
1-2103;35.04;49.97;7.300;212.5;63.07;
1-2104;35.06;49.97;7.500;212.5;63.11;
1-2105;35.08;49.97;7.400;212.5;63.15;
1-2106;35.09;49.97;7.600;212.5;63.19;
1-2107;35.11;49.97;7.400;212.5;63.22;
1-2108;35.13;49.97;7.600;212.5;63.26;
1-2109;35.14;49.97;7.400;212.5;63.30;
1-2110;35.16;49.97;7.400;212.5;63.34;
1-2111;35.18;49.97;7.400;212.5;63.38;
1-2112;35.19;49.97;7.400;212.5;63.42;
1-2113;35.21;49.97;7.600;212.5;63.46;
1-2114;35.23;49.97;7.400;212.5;63.50;
1-2115;35.24;49.97;7.500;212.5;63.54;
1-2116;35.26;49.97;7.400;212.5;63.58;
1-2117;35.28;49.97;7.500;212.5;63.61;
1-2118;35.29;49.97;7.400;212.5;63.65;
1-2119;35.31;49.97;7.500;212.5;63.69;
1-2120;35.33;49.97;7.600;212.5;63.73;
1-2121;35.34;49.97;7.500;212.5;63.77;
1-2122;35.36;49.97;7.600;212.5;63.81;
1-2123;35.38;49.97;7.500;212.6;63.85;
1-2124;35.39;49.97;7.600;212.5;63.89;
1-2125;35.41;49.97;7.500;212.6;63.93;
1-2126;35.43;49.97;7.700;212.6;63.97;
1-2127;35.44;49.97;7.500;212.6;64.01;
1-2128;35.46;49.97;7.500;212.6;64.05;
1-2129;35.48;49.97;7.600;212.6;64.09;
1-2130;35.49;49.97;7.400;212.6;64.13;
1-2131;35.51;49.97;7.600;212.6;64.17;
1-2132;35.53;49.97;7.600;212.6;64.21;
1-2133;35.54;49.97;7.600;212.6;64.25;
1-2134;35.56;49.97;7.500;212.6;64.29;
1-2135;35.58;49.97;7.600;212.6;64.33;
1-2136;35.59;49.97;7.600;212.6;64.37;
1-2137;35.61;49.97;7.600;212.6;64.40;
1-2138;35.63;49.97;7.600;212.6;64.44;
1-2139;35.64;49.97;7.500;212.6;64.48;
1-2140;35.66;49.97;7.600;212.6;64.52;
1-2141;35.68;49.97;7.500;212.6;64.56;
1-2142;35.69;49.97;7.600;212.6;64.60;
1-2143;35.71;49.97;7.500;212.6;64.64;
1-2144;35.73;49.97;7.700;212.6;64.68;
1-2145;35.74;49.97;7.600;212.6;64.72;
1-2146;35.76;49.97;7.600;212.6;64.76;
1-2147;35.78;49.97;7.600;212.6;64.80;
1-2148;35.79;49.97;7.600;212.6;64.84;
1-2149;35.81;49.97;7.700;212.6;64.88;
1-2150;35.83;49.97;7.600;212.6;64.92;
1-2151;35.84;49.97;7.700;212.6;64.96;
1-2152;35.86;49.97;7.500;212.6;65.00;
1-2153;35.88;49.97;7.600;212.6;65.04;
1-2154;35.89;49.97;7.600;212.6;65.08;
1-2155;35.91;49.97;7.600;212.6;65.12;
1-2156;35.93;49.97;7.700;212.6;65.16;
1-2157;35.94;49.97;7.600;212.6;65.20;
1-2158;35.96;49.97;7.600;212.6;65.24;
1-2159;35.98;49.97;7.600;212.6;65.28;
1-2160;35.99;49.97;7.700;212.6;65.32;
1-2161;36.01;49.97;7.600;212.6;65.36;
1-2162;36.03;49.97;7.700;212.6;65.40;
1-2163;36.04;49.97;7.700;212.6;65.44;
1-2164;36.06;49.97;7.600;212.7;65.48;
1-2165;36.08;49.97;7.800;212.7;65.52;
1-2166;36.09;49.97;7.600;212.7;65.56;
1-2167;36.11;49.97;7.900;212.7;65.60;
1-2168;36.13;49.97;7.800;212.7;65.64;
1-2169;36.14;49.97;7.800;212.7;65.68;
1-2170;36.16;49.97;7.600;212.7;65.72;
1-2171;36.18;49.97;7.700;212.7;65.76;
1-2172;36.19;49.97;7.700;212.7;65.80;
1-2173;36.21;49.97;7.700;212.7;65.84;
1-2174;36.23;49.97;7.800;212.7;65.88;
1-2175;36.24;49.97;7.800;212.7;65.93;
1-2176;36.26;49.97;7.800;212.7;65.97;
1-2177;36.28;49.97;7.700;212.7;66.01;
1-2178;36.29;49.97;7.700;212.7;66.05;
1-2179;36.31;49.97;7.700;212.7;66.09;
1-2180;36.33;49.97;7.800;212.7;66.13;
1-2181;36.34;49.97;7.800;212.7;66.17;
1-2182;36.36;49.97;7.600;212.7;66.21;
1-2183;36.38;49.97;7.900;212.7;66.25;
1-2184;36.39;49.97;7.600;212.7;66.29;
1-2185;36.41;49.97;7.800;212.7;66.33;
1-2186;36.43;49.97;7.800;212.7;66.37;
1-2187;36.44;49.97;7.800;212.8;66.41;
1-2188;36.46;49.97;7.700;212.7;66.45;
1-2189;36.48;49.97;7.700;212.8;66.49;
1-2190;36.49;49.97;7.700;212.8;66.53;
1-2191;36.51;49.97;7.700;212.8;66.57;
1-2192;36.53;49.97;7.900;212.7;66.61;
1-2193;36.54;49.97;7.800;212.8;66.66;
1-2194;36.56;49.97;7.700;212.8;66.70;
1-2195;36.58;49.97;7.700;212.8;66.74;
1-2196;36.59;49.97;7.800;212.8;66.78;
1-2197;36.61;49.97;7.800;212.8;66.82;
1-2198;36.63;49.97;7.800;212.8;66.86;
1-2199;36.64;49.97;7.900;212.8;66.90;
1-2200;36.66;49.97;7.700;212.8;66.94;
1-2201;36.68;49.97;7.900;212.8;66.98;
1-2202;36.69;49.97;7.600;212.8;67.02;
1-2203;36.71;49.97;7.900;212.8;67.06;
1-2204;36.73;49.97;7.800;212.8;67.10;
1-2205;36.74;49.97;7.900;212.8;67.14;
1-2206;36.76;49.97;7.700;212.8;67.19;
1-2207;36.78;49.97;7.800;212.8;67.23;
1-2208;36.79;49.97;7.900;212.8;67.27;
1-2209;36.81;49.97;7.800;212.8;67.31;
1-2210;36.83;49.97;8.000;212.8;67.35;
1-2211;36.84;49.97;7.800;212.8;67.39;
1-2212;36.86;49.97;7.900;212.8;67.43;
1-2213;36.88;49.97;7.800;212.8;67.47;
1-2214;36.89;49.97;7.900;212.8;67.51;
1-2215;36.91;49.97;7.900;212.8;67.56;
1-2216;36.93;49.97;7.900;212.8;67.60;
1-2217;36.94;49.97;7.900;212.8;67.64;
1-2218;36.96;49.97;7.900;212.8;67.68;
1-2219;36.98;49.97;8.000;212.8;67.72;
1-2220;36.99;49.97;7.800;212.8;67.76;
1-2221;37.01;49.97;8.000;212.8;67.80;
1-2222;37.03;49.97;7.800;212.8;67.85;
1-2223;37.04;49.97;8.100;212.8;67.89;
1-2224;37.06;49.97;7.800;212.8;67.93;
1-2225;37.08;49.97;7.900;212.8;67.97;
1-2226;37.09;49.97;7.900;212.8;68.01;
1-2227;37.11;49.97;7.900;212.8;68.05;
1-2228;37.13;49.97;8.000;212.8;68.09;
1-2229;37.14;49.97;7.900;212.8;68.14;
1-2230;37.16;49.97;8.000;212.8;68.18;
1-2231;37.18;49.97;7.900;212.8;68.22;
1-2232;37.19;49.97;7.900;212.8;68.26;
1-2233;37.21;49.97;8.000;212.8;68.30;
1-2234;37.23;49.97;8.000;212.9;68.34;
1-2235;37.24;49.97;8.000;212.9;68.39;
1-2236;37.26;49.97;7.800;212.8;68.43;
1-2237;37.28;49.97;8.000;212.8;68.47;
1-2238;37.29;49.97;7.800;212.9;68.51;
1-2239;37.31;49.97;8.000;212.9;68.55;
1-2240;37.33;49.97;7.900;212.9;68.59;
1-2241;37.34;49.97;8.000;212.9;68.63;
1-2242;37.36;49.97;7.900;212.9;68.68;
1-2243;37.38;49.97;7.900;212.9;68.72;
1-2244;37.39;49.97;7.900;212.9;68.76;
1-2245;37.41;49.97;7.900;212.9;68.80;
1-2246;37.43;49.97;8.100;212.9;68.84;
1-2247;37.44;49.97;8.000;212.9;68.88;
1-2248;37.46;49.97;8.000;212.9;68.93;
1-2249;37.48;49.97;7.900;212.9;68.97;
1-2250;37.49;49.97;8.000;212.9;69.01;
1-2251;37.51;49.97;8.000;212.9;69.05;
1-2252;37.53;49.97;8.000;212.9;69.09;
1-2253;37.54;49.97;8.200;212.9;69.13;
1-2254;37.56;49.97;8.000;212.9;69.18;
1-2255;37.58;49.97;8.000;212.9;69.22;
1-2256;37.59;49.97;8.000;212.9;69.26;
1-2257;37.61;49.97;8.100;212.9;69.30;
1-2258;37.63;49.97;8.000;212.9;69.34;
1-2259;37.64;49.97;8.100;212.9;69.39;
1-2260;37.66;49.97;8.000;212.9;69.43;
1-2261;37.68;49.97;7.900;212.9;69.47;
1-2262;37.69;49.97;8.000;212.9;69.51;
1-2263;37.71;49.97;7.900;213.0;69.55;
1-2264;37.73;49.97;8.100;213.0;69.60;
1-2265;37.74;49.97;8.000;213.0;69.64;
1-2266;37.76;49.97;8.000;213.0;69.68;
1-2267;37.78;49.97;8.000;213.0;69.72;
1-2268;37.79;49.97;8.000;213.0;69.76;
1-2269;37.81;49.97;8.000;213.0;69.81;
1-2270;37.83;49.97;8.000;213.0;69.85;
1-2271;37.84;49.97;8.200;213.0;69.89;
1-2272;37.86;49.97;8.000;213.0;69.93;
1-2273;37.88;49.97;8.000;213.0;69.97;
1-2274;37.89;49.97;8.000;213.0;70.02;
1-2275;37.91;49.97;8.100;213.0;70.06;
1-2276;37.93;49.97;8.000;213.0;70.10;
1-2277;37.94;49.97;8.100;213.0;70.14;
1-2278;37.96;49.97;8.100;213.0;70.18;
1-2279;37.98;49.97;8.000;213.0;70.23;
1-2280;37.99;49.97;8.200;213.0;70.27;
1-2281;38.01;49.97;8.000;213.0;70.31;
1-2282;38.03;49.97;8.200;213.0;70.35;
1-2283;38.04;49.97;8.100;213.0;70.40;
1-2284;38.06;49.97;8.100;213.0;70.44;
1-2285;38.08;49.97;7.900;213.0;70.48;
1-2286;38.09;49.97;8.100;213.0;70.52;
1-2287;38.11;49.97;8.100;213.0;70.57;
1-2288;38.13;49.97;8.100;213.0;70.61;
1-2289;38.14;49.97;8.200;213.0;70.65;
1-2290;38.16;49.97;8.000;213.0;70.69;
1-2291;38.18;49.97;8.100;213.0;70.74;
1-2292;38.19;49.97;8.100;213.0;70.78;
1-2293;38.21;49.97;8.100;213.0;70.82;
1-2294;38.23;49.97;8.200;213.0;70.86;
1-2295;38.24;49.97;8.100;213.0;70.91;
1-2296;38.26;49.97;8.100;213.0;70.95;
1-2297;38.28;49.97;8.000;213.0;70.99;
1-2298;38.29;49.97;8.100;213.0;71.03;
1-2299;38.31;49.97;8.000;213.0;71.07;
1-2300;38.33;49.97;8.200;213.0;71.12;
1-2301;38.34;49.97;8.100;213.0;71.16;
1-2302;38.36;49.97;8.200;213.0;71.20;
1-2303;38.38;49.97;8.100;213.0;71.24;
1-2304;38.39;49.97;8.100;213.0;71.29;
1-2305;38.41;49.97;8.200;213.0;71.33;
1-2306;38.43;49.97;8.100;213.0;71.37;
1-2307;38.44;49.97;8.200;213.0;71.41;
1-2308;38.46;49.97;8.100;213.0;71.46;
1-2309;38.48;49.97;8.100;213.0;71.50;
1-2310;38.49;49.97;8.100;213.0;71.54;
1-2311;38.51;49.97;8.100;213.0;71.58;
1-2312;38.53;49.97;8.200;213.0;71.63;
1-2313;38.54;49.97;8.200;213.0;71.67;
1-2314;38.56;49.97;8.100;213.0;71.71;
1-2315;38.58;49.97;8.000;213.0;71.75;
1-2316;38.59;49.97;8.300;213.0;71.80;
1-2317;38.61;49.97;8.100;213.0;71.84;
1-2318;38.63;49.97;8.200;213.0;71.88;
1-2319;38.64;49.97;8.200;213.0;71.93;
1-2320;38.66;49.97;8.200;213.0;71.97;
1-2321;38.68;49.97;8.100;213.0;72.01;
1-2322;38.69;49.97;8.200;213.0;72.05;
1-2323;38.71;49.97;8.200;213.0;72.10;
1-2324;38.73;49.97;8.200;213.0;72.14;
1-2325;38.74;49.97;8.300;213.0;72.18;
1-2326;38.76;49.97;8.200;213.0;72.23;
1-2327;38.78;49.97;8.200;213.0;72.27;
1-2328;38.79;49.97;8.200;213.0;72.31;
1-2329;38.81;49.97;8.200;213.0;72.36;
1-2330;38.83;49.97;8.200;213.0;72.40;
1-2331;38.84;49.97;8.200;213.0;72.44;
1-2332;38.86;49.97;8.300;213.0;72.48;
1-2333;38.88;49.97;8.100;213.0;72.53;
1-2334;38.89;49.97;8.300;213.0;72.57;
1-2335;38.91;49.97;8.100;213.0;72.61;
1-2336;38.93;49.97;8.300;213.0;72.66;
1-2337;38.94;49.97;8.200;213.0;72.70;
1-2338;38.96;49.97;8.300;213.0;72.74;
1-2339;38.98;49.97;8.200;213.0;72.79;
1-2340;38.99;49.97;8.200;213.1;72.83;
1-2341;39.01;49.97;8.200;213.0;72.87;
1-2342;39.03;49.97;8.200;213.1;72.91;
1-2343;39.04;49.97;8.300;213.0;72.96;
1-2344;39.06;49.97;8.300;213.0;73.00;
1-2345;39.08;49.97;8.300;213.1;73.04;
1-2346;39.09;49.97;8.300;213.1;73.09;
1-2347;39.11;49.97;8.300;213.1;73.13;
1-2348;39.13;49.97;8.200;213.1;73.17;
1-2349;39.14;49.97;8.300;213.1;73.22;
1-2350;39.16;49.97;8.500;213.1;73.26;
1-2351;39.18;49.97;8.200;213.1;73.31;
1-2352;39.19;49.97;8.300;213.1;73.35;
1-2353;39.21;49.97;8.200;213.1;73.39;
1-2354;39.23;49.97;8.300;213.1;73.43;
1-2355;39.24;49.97;8.300;213.1;73.48;
1-2356;39.26;49.97;8.400;213.1;73.52;
1-2357;39.28;49.97;8.300;213.1;73.57;
1-2358;39.29;49.97;8.300;213.1;73.61;
1-2359;39.31;49.97;8.300;213.1;73.65;
1-2360;39.33;49.97;8.300;213.1;73.70;
1-2361;39.34;49.97;8.400;213.1;73.74;
1-2362;39.36;49.97;8.400;213.1;73.78;
1-2363;39.38;49.97;8.300;213.1;73.83;
1-2364;39.39;49.97;8.400;213.1;73.87;
1-2365;39.41;49.97;8.300;213.1;73.91;
1-2366;39.43;49.97;8.300;213.1;73.96;
1-2367;39.44;49.97;8.400;213.1;74.00;
1-2368;39.46;49.97;8.400;213.1;74.05;
1-2369;39.48;49.97;8.300;213.1;74.09;
1-2370;39.49;49.97;8.400;213.1;74.13;
1-2371;39.51;49.97;8.200;213.2;74.18;
1-2372;39.53;49.97;8.400;213.1;74.22;
1-2373;39.54;49.97;8.400;213.2;74.26;
1-2374;39.56;49.97;8.400;213.2;74.31;
1-2375;39.58;49.97;8.400;213.1;74.35;
1-2376;39.59;49.97;8.400;213.1;74.40;
1-2377;39.61;49.97;8.400;213.1;74.44;
1-2378;39.63;49.97;8.300;213.1;74.48;
1-2379;39.64;49.97;8.500;213.2;74.53;
1-2380;39.66;49.97;8.400;213.1;74.57;
1-2381;39.68;49.97;8.400;213.1;74.62;
1-2382;39.69;49.97;8.300;213.1;74.66;
1-2383;39.71;49.97;8.400;213.2;74.70;
1-2384;39.73;49.97;8.300;213.2;74.75;
1-2385;39.74;49.97;8.300;213.2;74.79;
1-2386;39.76;49.97;8.600;213.2;74.83;
1-2387;39.78;49.97;8.300;213.2;74.88;
1-2388;39.79;49.97;8.400;213.2;74.92;
1-2389;39.81;49.97;8.300;213.2;74.97;
1-2390;39.83;49.97;8.400;213.2;75.01;
1-2391;39.84;49.97;8.400;213.2;75.05;
1-2392;39.86;49.97;8.500;213.2;75.10;
1-2393;39.88;49.97;8.400;213.2;75.14;
1-2394;39.89;49.97;8.300;213.2;75.19;
1-2395;39.91;49.97;8.500;213.2;75.23;
1-2396;39.93;49.97;8.300;213.2;75.27;
1-2397;39.94;49.97;8.600;213.2;75.32;
1-2398;39.96;49.97;8.400;213.2;75.36;
1-2399;39.98;49.97;8.500;213.2;75.41;
1-2400;39.99;49.97;8.400;213.2;75.45;
1-2401;40.01;49.97;8.500;213.2;75.49;
1-2402;40.03;49.97;8.400;213.2;75.54;
1-2403;40.04;49.97;8.500;213.2;75.58;
1-2404;40.06;49.97;8.600;213.2;75.63;
1-2405;40.08;49.97;8.300;213.2;75.67;
1-2406;40.09;49.97;8.500;213.2;75.72;
1-2407;40.11;49.97;8.400;213.2;75.76;
1-2408;40.13;49.97;8.500;213.2;75.80;
1-2409;40.14;49.97;8.500;213.2;75.85;
1-2410;40.16;49.97;8.500;213.2;75.89;
1-2411;40.18;49.97;8.600;213.2;75.94;
1-2412;40.19;49.97;8.400;213.2;75.98;
1-2413;40.21;49.97;8.600;213.2;76.03;
1-2414;40.23;49.97;8.400;213.2;76.07;
1-2415;40.24;49.97;8.600;213.2;76.12;
1-2416;40.26;49.97;8.500;213.2;76.16;
1-2417;40.28;49.97;8.600;213.2;76.21;
1-2418;40.29;49.97;8.400;213.2;76.25;
1-2419;40.31;49.97;8.500;213.2;76.29;
1-2420;40.33;49.97;8.500;213.2;76.34;
1-2421;40.34;49.97;8.400;213.2;76.38;
1-2422;40.36;49.97;8.600;213.2;76.43;
1-2423;40.38;49.97;8.400;213.2;76.47;
1-2424;40.39;49.97;8.500;213.2;76.52;
1-2425;40.41;49.97;8.500;213.2;76.56;
1-2426;40.43;49.97;8.500;213.2;76.61;
1-2427;40.44;49.97;8.500;213.2;76.65;
1-2428;40.46;49.97;8.600;213.2;76.69;
1-2429;40.48;49.97;8.600;213.2;76.74;
1-2430;40.49;49.97;8.400;213.2;76.78;
1-2431;40.51;49.97;8.600;213.2;76.83;
1-2432;40.53;49.97;8.400;213.2;76.87;
1-2433;40.54;49.97;8.600;213.2;76.92;
1-2434;40.56;49.97;8.500;213.2;76.96;
1-2435;40.58;49.97;8.600;213.2;77.01;
1-2436;40.59;49.97;8.500;213.2;77.05;
1-2437;40.61;49.97;8.600;213.2;77.10;
1-2438;40.63;49.97;8.600;213.3;77.14;
1-2439;40.64;49.97;8.500;213.3;77.19;
1-2440;40.66;49.97;8.700;213.3;77.23;
1-2441;40.68;49.97;8.500;213.3;77.28;
1-2442;40.69;49.97;8.500;213.3;77.32;
1-2443;40.71;49.97;8.600;213.3;77.37;
1-2444;40.73;49.97;8.600;213.3;77.41;
1-2445;40.74;49.97;8.600;213.3;77.46;
1-2446;40.76;49.97;8.600;213.3;77.50;
1-2447;40.78;49.97;8.700;213.3;77.55;
1-2448;40.79;49.97;8.400;213.3;77.59;
1-2449;40.81;49.97;8.600;213.3;77.64;
1-2450;40.83;49.97;8.400;213.3;77.68;
1-2451;40.84;49.97;8.600;213.3;77.72;
1-2452;40.86;49.97;8.500;213.3;77.77;
1-2453;40.88;49.97;8.600;213.3;77.81;
1-2454;40.89;49.97;8.500;213.3;77.86;
1-2455;40.91;49.97;8.500;213.3;77.90;
1-2456;40.93;49.97;8.600;213.3;77.95;
1-2457;40.94;49.97;8.500;213.3;77.99;
1-2458;40.96;49.97;8.700;213.3;78.04;
1-2459;40.98;49.97;8.600;213.3;78.08;
1-2460;40.99;49.97;8.600;213.3;78.13;
1-2461;41.01;49.97;8.500;213.3;78.17;
1-2462;41.03;49.97;8.500;213.3;78.22;
1-2463;41.04;49.97;8.600;213.3;78.26;
1-2464;41.06;49.97;8.500;213.3;78.31;
1-2465;41.08;49.97;8.700;213.3;78.35;
1-2466;41.09;49.97;8.400;213.3;78.40;
1-2467;41.11;49.97;8.600;213.3;78.44;
1-2468;41.13;49.97;8.400;213.3;78.48;
1-2469;41.14;49.97;8.600;213.3;78.53;
1-2470;41.16;49.97;8.400;213.3;78.57;
1-2471;41.18;49.97;8.600;213.3;78.62;
1-2472;41.19;49.97;8.500;213.3;78.66;
1-2473;41.21;49.97;8.500;213.3;78.71;
1-2474;41.23;49.97;8.600;213.3;78.75;
1-2475;41.24;49.97;8.500;213.3;78.80;
1-2476;41.26;49.97;8.600;213.3;78.84;
1-2477;41.28;49.97;8.500;213.3;78.89;
1-2478;41.29;49.97;8.500;213.3;78.93;
1-2479;41.31;49.97;8.600;213.3;78.98;
1-2480;41.33;49.97;8.500;213.3;79.02;
1-2481;41.34;49.97;8.500;213.3;79.07;
1-2482;41.36;49.97;8.500;213.3;79.11;
1-2483;41.38;49.97;8.700;213.3;79.15;
1-2484;41.39;49.97;8.500;213.3;79.20;
1-2485;41.41;49.97;8.600;213.3;79.24;
1-2486;41.43;49.97;8.500;213.3;79.29;
1-2487;41.44;49.97;8.600;213.3;79.33;
1-2488;41.46;49.97;8.500;213.3;79.38;
1-2489;41.48;49.97;8.600;213.3;79.42;
1-2490;41.49;49.97;8.500;213.3;79.47;
1-2491;41.51;49.97;8.500;213.3;79.51;
1-2492;41.53;49.97;8.500;213.3;79.56;
1-2493;41.54;49.97;8.400;213.3;79.60;
1-2494;41.56;49.97;8.600;213.3;79.65;
1-2495;41.58;49.97;8.500;213.3;79.69;
1-2496;41.59;49.97;8.500;213.3;79.73;
1-2497;41.61;49.97;8.500;213.3;79.78;
1-2498;41.63;49.97;8.500;213.3;79.82;
1-2499;41.64;49.97;8.500;213.3;79.87;
1-2500;41.66;49.97;8.500;213.3;79.91;
1-2501;41.68;49.97;8.600;213.3;79.96;
1-2502;41.69;49.97;8.400;213.3;80.00;
1-2503;41.71;49.97;8.600;213.3;80.05;
1-2504;41.73;49.97;8.500;213.3;80.09;
1-2505;41.74;49.97;8.500;213.3;80.14;
1-2506;41.76;49.97;8.500;213.3;80.18;
1-2507;41.78;49.97;8.600;213.3;80.22;
1-2508;41.79;49.97;8.500;213.3;80.27;
1-2509;41.81;49.97;8.500;213.4;80.31;
1-2510;41.83;49.97;8.600;213.3;80.36;
1-2511;41.84;49.97;8.400;213.3;80.40;
1-2512;41.86;49.97;8.600;213.3;80.45;
1-2513;41.88;49.97;8.500;213.3;80.49;
1-2514;41.89;49.97;8.500;213.3;80.54;
1-2515;41.91;49.97;8.400;213.3;80.58;
1-2516;41.93;49.97;8.500;213.3;80.63;
1-2517;41.94;49.97;8.500;213.3;80.67;
1-2518;41.96;49.97;8.400;213.3;80.71;
1-2519;41.98;49.97;8.600;213.3;80.76;
1-2520;41.99;49.97;8.500;213.3;80.80;
1-2521;42.01;49.97;8.500;213.3;80.85;
1-2522;42.03;49.97;8.400;213.3;80.89;
1-2523;42.04;49.97;8.500;213.3;80.94;
1-2524;42.06;49.97;8.500;213.3;80.98;
1-2525;42.08;49.97;8.600;213.3;81.03;
1-2526;42.09;49.97;8.500;213.3;81.07;
1-2527;42.11;49.97;8.400;213.3;81.11;
1-2528;42.13;49.97;8.600;213.3;81.16;
1-2529;42.14;49.97;8.400;213.3;81.20;
1-2530;42.16;49.97;8.600;213.3;81.25;
1-2531;42.18;49.97;8.500;213.3;81.29;
1-2532;42.19;49.97;8.500;213.4;81.34;
1-2533;42.21;49.97;8.400;213.4;81.38;
1-2534;42.23;49.97;8.500;213.4;81.43;
1-2535;42.24;49.97;8.500;213.4;81.47;
1-2536;42.26;49.97;8.400;213.4;81.51;
1-2537;42.28;49.97;8.600;213.4;81.56;
1-2538;42.29;49.97;8.400;213.4;81.60;
1-2539;42.31;49.97;8.500;213.4;81.65;
1-2540;42.33;49.97;8.500;213.4;81.69;
1-2541;42.34;49.97;8.500;213.4;81.74;
1-2542;42.36;49.97;8.500;213.4;81.78;
1-2543;42.38;49.97;8.500;213.4;81.83;
1-2544;42.39;49.97;8.600;213.4;81.87;
1-2545;42.41;49.97;8.400;213.4;81.91;
1-2546;42.43;49.97;8.600;213.4;81.96;
1-2547;42.44;49.97;8.400;213.4;82.00;
1-2548;42.46;49.97;8.500;213.4;82.05;
1-2549;42.48;49.97;8.400;213.4;82.09;
1-2550;42.49;49.97;8.500;213.4;82.14;
1-2551;42.51;49.97;8.400;213.4;82.18;
1-2552;42.53;49.97;8.500;213.4;82.22;
1-2553;42.54;49.97;8.500;213.4;82.27;
1-2554;42.56;49.97;8.400;213.4;82.31;
1-2555;42.58;49.97;8.600;213.4;82.36;
1-2556;42.59;49.97;8.400;213.4;82.40;
1-2557;42.61;49.97;8.500;213.4;82.45;
1-2558;42.63;49.97;8.500;213.4;82.49;
1-2559;42.64;49.97;8.400;213.4;82.54;
1-2560;42.66;49.97;8.500;213.4;82.58;
1-2561;42.68;49.97;8.500;213.4;82.62;
1-2562;42.69;49.97;8.500;213.4;82.67;
1-2563;42.71;49.97;8.300;213.4;82.71;
1-2564;42.73;49.97;8.500;213.4;82.76;
1-2565;42.74;49.97;8.300;213.4;82.80;
1-2566;42.76;49.97;8.500;213.4;82.84;
1-2567;42.78;49.97;8.500;213.4;82.89;
1-2568;42.79;49.97;8.500;213.4;82.93;
1-2569;42.81;49.97;8.400;213.4;82.98;
1-2570;42.83;49.97;8.400;213.4;83.02;
1-2571;42.84;49.97;8.400;213.4;83.07;
1-2572;42.86;49.97;8.400;213.4;83.11;
1-2573;42.88;49.97;8.500;213.4;83.15;
1-2574;42.89;49.97;8.400;213.4;83.20;
1-2575;42.91;49.97;8.500;213.4;83.24;
1-2576;42.93;49.97;8.400;213.4;83.29;
1-2577;42.94;49.97;8.400;213.4;83.33;
1-2578;42.96;49.97;8.400;213.4;83.37;
1-2579;42.98;49.97;8.400;213.4;83.42;
1-2580;42.99;49.97;8.500;213.4;83.46;
1-2581;43.01;49.97;8.300;213.4;83.51;
1-2582;43.03;49.97;8.500;213.4;83.55;
1-2583;43.04;49.97;8.300;213.3;83.59;
1-2584;43.06;49.97;8.500;213.3;83.64;

