D:\Documents and Settings\All Users\Documents\Thermo\PolySoft\Projects\JanLDHTEST Dec2015.pmp\JanDec_0015.pld


 ;t [min];Revolution Speed [1/min];Torque [Nm];TM [°C];E [kJ];
1-1;0.01250;49.97;38.40;172.8;0.03768;
1-2;0.02917;49.97;36.80;165.8;0.234;
1-3;0.04583;49.97;33.80;160.0;0.419;
1-4;0.06250;49.97;31.80;157.8;0.591;
1-5;0.07917;49.97;30.50;154.1;0.754;
1-6;0.09583;49.97;28.90;152.2;0.909;
1-7;0.113;49.97;27.40;151.8;1.057;
1-8;0.129;49.97;26.90;151.6;1.199;
1-9;0.146;49.97;25.70;152.0;1.336;
1-10;0.163;49.97;24.40;152.3;1.467;
1-11;0.179;49.97;25.40;153.1;1.598;
1-12;0.196;49.97;23.60;153.8;1.726;
1-13;0.213;49.97;22.40;154.2;1.846;
1-14;0.229;49.97;22.20;155.0;1.963;
1-15;0.246;49.97;21.90;155.8;2.078;
1-16;0.263;49.97;20.80;156.3;2.190;
1-17;0.279;49.97;20.50;157.2;2.298;
1-18;0.296;49.97;20.50;158.3;2.405;
1-19;0.313;49.97;19.50;158.8;2.510;
1-20;0.329;49.97;18.70;159.8;2.610;
1-21;0.346;49.97;18.50;160.9;2.707;
1-22;0.363;49.97;17.80;161.4;2.802;
1-23;0.379;49.97;17.50;162.4;2.895;
1-24;0.396;49.97;16.80;162.4;2.985;
1-25;0.413;49.97;16.30;164.0;3.071;
1-26;0.429;49.97;15.70;165.0;3.155;
1-27;0.446;49.97;15.50;166.0;3.237;
1-28;0.463;49.97;14.70;166.0;3.316;
1-29;0.479;49.97;14.50;166.5;3.392;
1-30;0.496;49.97;14.00;167.4;3.467;
1-31;0.513;49.97;13.30;168.3;3.538;
1-32;0.529;49.97;13.00;168.8;3.607;
1-33;0.546;49.97;12.40;169.7;3.673;
1-34;0.563;49.97;12.10;170.5;3.737;
1-35;0.579;49.97;11.80;170.9;3.800;
1-36;0.596;49.97;11.50;171.7;3.861;
1-37;0.613;49.97;11.10;172.5;3.920;
1-38;0.629;49.97;10.90;172.9;3.978;
1-39;0.646;49.97;10.70;173.6;4.034;
1-40;0.663;49.97;10.30;174.3;4.089;
1-41;0.679;49.97;10.30;174.6;4.143;
1-42;0.696;49.97;10.10;175.3;4.196;
1-43;0.713;49.97;9.900;175.9;4.249;
1-44;0.729;49.97;9.600;176.2;4.300;
1-45;0.746;49.97;9.500;176.8;4.350;
1-46;0.763;49.97;9.300;177.3;4.399;
1-47;0.779;49.97;9.200;177.6;4.447;
1-48;0.796;49.97;9.100;178.1;4.495;
1-49;0.813;49.97;8.900;178.6;4.542;
1-50;0.829;49.97;8.700;178.9;4.588;
1-51;0.846;49.97;8.700;179.3;4.634;
1-52;0.863;49.97;8.500;179.8;4.679;
1-53;0.879;49.97;8.500;180.0;4.723;
1-54;0.896;49.97;8.400;180.4;4.768;
1-55;0.913;49.97;8.300;180.8;4.811;
1-56;0.929;49.97;8.100;181.0;4.854;
1-57;0.946;49.97;8.200;181.5;4.897;
1-58;0.963;49.97;7.900;181.8;4.939;
1-59;0.979;49.97;8.000;182.1;4.981;
1-60;0.996;49.97;7.900;182.4;5.022;
1-61;1.013;49.97;7.800;182.7;5.063;
1-62;1.029;49.97;7.700;182.9;5.104;
1-63;1.046;49.97;7.700;183.2;5.144;
1-64;1.063;49.97;7.600;183.6;5.184;
1-65;1.079;49.97;7.600;183.7;5.224;
1-66;1.096;49.97;7.500;184.0;5.263;
1-67;1.113;49.97;7.400;184.3;5.302;
1-68;1.129;49.97;7.400;184.5;5.341;
1-69;1.146;49.97;7.400;184.7;5.380;
1-70;1.163;49.97;7.300;185.0;5.418;
1-71;1.179;49.97;7.300;185.1;5.456;
1-72;1.196;49.97;7.300;185.4;5.495;
1-73;1.213;49.97;7.200;185.6;5.533;
1-74;1.229;49.97;7.100;185.7;5.570;
1-75;1.246;49.97;7.200;185.9;5.607;
1-76;1.263;49.97;7.100;186.1;5.645;
1-77;1.279;49.97;7.100;186.3;5.682;
1-78;1.296;49.97;7.000;186.5;5.719;
1-79;1.313;49.97;7.100;186.7;5.756;
1-80;1.329;49.97;6.900;186.8;5.792;
1-81;1.346;49.97;7.000;187.0;5.829;
1-82;1.363;49.97;6.800;187.2;5.865;
1-83;1.379;49.97;6.900;187.3;5.901;
1-84;1.396;49.97;6.900;187.5;5.937;
1-85;1.413;49.97;6.800;187.7;5.973;
1-86;1.429;49.97;6.800;187.7;6.008;
1-87;1.446;49.97;6.800;187.9;6.044;
1-88;1.463;49.97;6.700;188.1;6.079;
1-89;1.479;49.97;6.700;188.2;6.114;
1-90;1.496;49.97;6.700;188.3;6.149;
1-91;1.513;49.97;6.700;188.5;6.184;
1-92;1.529;49.97;6.600;188.6;6.219;
1-93;1.546;49.97;6.600;188.8;6.254;
1-94;1.563;49.97;6.500;188.9;6.288;
1-95;1.579;49.97;6.600;189.0;6.322;
1-96;1.596;49.97;6.500;189.2;6.357;
1-97;1.613;49.97;6.600;189.3;6.391;
1-98;1.629;49.97;6.400;189.4;6.425;
1-99;1.646;49.97;6.500;189.5;6.459;
1-100;1.663;49.97;6.400;189.6;6.492;
1-101;1.679;49.97;6.400;189.7;6.526;
1-102;1.696;49.97;6.400;189.9;6.559;
1-103;1.713;49.97;6.400;190.0;6.593;
1-104;1.729;49.97;6.300;190.0;6.626;
1-105;1.746;49.97;6.300;190.2;6.659;
1-106;1.763;49.97;6.300;190.3;6.692;
1-107;1.779;49.97;6.200;190.4;6.725;
1-108;1.796;49.97;6.300;190.5;6.757;
1-109;1.813;49.97;6.300;190.6;6.790;
1-110;1.829;49.97;6.200;190.7;6.823;
1-111;1.846;49.97;6.200;190.8;6.856;
1-112;1.863;49.97;6.100;191.0;6.888;
1-113;1.879;49.97;6.200;191.0;6.920;
1-114;1.896;49.97;6.100;191.2;6.952;
1-115;1.913;49.97;6.200;191.3;6.984;
1-116;1.929;49.97;6.000;191.4;7.016;
1-117;1.946;49.97;6.100;191.5;7.048;
1-118;1.963;49.97;6.000;191.6;7.080;
1-119;1.979;49.97;6.000;191.7;7.111;
1-120;1.996;49.97;6.000;191.8;7.142;
1-121;2.013;49.97;6.000;191.9;7.174;
1-122;2.029;49.97;5.900;192.0;7.205;
1-123;2.046;49.97;6.000;192.1;7.236;
1-124;2.063;49.97;5.900;192.2;7.267;
1-125;2.079;49.97;5.900;192.2;7.298;
1-126;2.096;49.97;5.900;192.4;7.329;
1-127;2.113;49.97;5.900;192.4;7.360;
1-128;2.129;49.97;5.800;192.5;7.390;
1-129;2.146;49.97;5.900;192.6;7.421;
1-130;2.163;49.97;5.800;192.7;7.452;
1-131;2.179;49.97;5.800;192.8;7.482;
1-132;2.196;49.97;5.800;192.8;7.512;
1-133;2.213;49.97;5.800;193.0;7.543;
1-134;2.229;49.97;5.700;193.0;7.573;
1-135;2.246;49.97;5.800;193.1;7.603;
1-136;2.263;49.97;5.700;193.2;7.633;
1-137;2.279;49.97;5.700;193.3;7.663;
1-138;2.296;49.97;5.700;193.4;7.693;
1-139;2.313;49.97;5.700;193.5;7.723;
1-140;2.329;49.97;5.700;193.5;7.752;
1-141;2.346;49.97;5.700;193.6;7.782;
1-142;2.363;49.97;5.700;193.7;7.812;
1-143;2.379;49.97;5.600;193.7;7.842;
1-144;2.396;49.97;5.700;193.8;7.871;
1-145;2.413;49.97;5.600;193.9;7.901;
1-146;2.429;49.97;5.600;194.0;7.930;
1-147;2.446;49.97;5.600;194.1;7.959;
1-148;2.463;49.97;5.500;194.2;7.988;
1-149;2.479;49.97;5.500;194.2;8.017;
1-150;2.496;49.97;5.500;194.3;8.046;
1-151;2.513;49.97;5.500;194.4;8.075;
1-152;2.529;49.97;5.500;194.5;8.103;
1-153;2.546;49.97;5.500;194.6;8.132;
1-154;2.563;49.97;5.500;194.6;8.161;
1-155;2.579;49.97;5.400;194.7;8.190;
1-156;2.596;49.97;5.500;194.8;8.218;
1-157;2.613;49.97;5.400;194.9;8.247;
1-158;2.629;49.97;5.500;194.9;8.275;
1-159;2.646;49.97;5.400;195.0;8.304;
1-160;2.663;49.97;5.400;195.1;8.332;
1-161;2.679;49.97;5.400;195.2;8.360;
1-162;2.696;49.97;5.400;195.3;8.388;
1-163;2.713;49.97;5.400;195.4;8.417;
1-164;2.729;49.97;5.300;195.4;8.445;
1-165;2.746;49.97;5.300;195.5;8.472;
1-166;2.763;49.97;5.300;195.6;8.500;
1-167;2.779;49.97;5.300;195.6;8.528;
1-168;2.796;49.97;5.300;195.7;8.556;
1-169;2.813;49.97;5.300;195.8;8.583;
1-170;2.829;49.97;5.300;195.8;8.611;
1-171;2.846;49.97;5.200;195.9;8.639;
1-172;2.863;49.97;5.300;196.0;8.666;
1-173;2.879;49.97;5.200;196.1;8.694;
1-174;2.896;49.97;5.200;196.2;8.721;
1-175;2.913;49.97;5.100;196.2;8.748;
1-176;2.929;49.97;5.200;196.3;8.775;
1-177;2.946;49.97;5.100;196.4;8.802;
1-178;2.963;49.97;5.200;196.4;8.829;
1-179;2.979;49.97;5.100;196.5;8.856;
1-180;2.996;49.97;5.200;196.6;8.882;
1-181;3.013;49.97;5.100;196.6;8.909;
1-182;3.029;49.97;5.100;196.7;8.936;
1-183;3.046;49.97;5.100;196.8;8.963;
1-184;3.063;49.97;5.100;196.9;8.989;
1-185;3.079;49.97;5.100;196.9;9.016;
1-186;3.096;49.97;5.100;197.0;9.043;
1-187;3.113;49.97;5.100;197.1;9.070;
1-188;3.129;49.97;5.100;197.1;9.096;
1-189;3.146;49.97;5.000;197.2;9.123;
1-190;3.163;49.97;5.100;197.3;9.149;
1-191;3.179;49.97;5.000;197.3;9.176;
1-192;3.196;49.97;5.000;197.4;9.202;
1-193;3.213;49.97;5.000;197.4;9.228;
1-194;3.229;49.97;5.100;197.5;9.254;
1-195;3.246;49.97;5.000;197.5;9.281;
1-196;3.263;49.97;5.000;197.6;9.307;
1-197;3.279;49.97;4.900;197.7;9.333;
1-198;3.296;49.97;5.000;197.8;9.359;
1-199;3.313;49.97;5.000;197.8;9.385;
1-200;3.329;49.97;5.000;197.9;9.411;
1-201;3.346;49.97;5.000;197.9;9.437;
1-202;3.363;49.97;5.000;198.0;9.463;
1-203;3.379;49.97;4.900;198.0;9.489;
1-204;3.396;49.97;4.900;198.1;9.515;
1-205;3.413;49.97;5.000;198.2;9.541;
1-206;3.429;49.97;4.900;198.2;9.567;
1-207;3.446;49.97;4.900;198.3;9.592;
1-208;3.463;49.97;5.000;198.4;9.618;
1-209;3.479;49.97;4.800;198.4;9.644;
1-210;3.496;49.97;4.900;198.4;9.669;
1-211;3.513;49.97;4.800;198.5;9.695;
1-212;3.529;49.97;4.900;198.6;9.720;
1-213;3.546;49.97;4.800;198.6;9.745;
1-214;3.563;49.97;4.900;198.7;9.771;
1-215;3.579;49.97;4.800;198.8;9.796;
1-216;3.596;49.97;4.900;198.8;9.822;
1-217;3.613;49.97;4.800;198.8;9.847;
1-218;3.629;49.97;4.800;198.9;9.872;
1-219;3.646;49.97;4.800;199.0;9.897;
1-220;3.663;49.97;4.800;199.0;9.922;
1-221;3.679;49.97;4.800;199.1;9.947;
1-222;3.696;49.97;4.700;199.1;9.972;
1-223;3.713;49.97;4.800;199.2;9.997;
1-224;3.729;49.97;4.800;199.2;10.02;
1-225;3.746;49.97;4.700;199.3;10.05;
1-226;3.763;49.97;4.800;199.3;10.07;
1-227;3.779;49.97;4.700;199.4;10.10;
1-228;3.796;49.97;4.700;199.4;10.12;
1-229;3.813;49.97;4.700;199.5;10.15;
1-230;3.829;49.97;4.800;199.6;10.17;
1-231;3.846;49.97;4.700;199.6;10.20;
1-232;3.863;49.97;4.700;199.6;10.22;
1-233;3.879;49.97;4.700;199.7;10.24;
1-234;3.896;49.97;4.700;199.7;10.27;
1-235;3.913;49.97;4.700;199.8;10.29;
1-236;3.929;49.97;4.700;199.9;10.32;
1-237;3.946;49.97;4.700;199.9;10.34;
1-238;3.963;49.97;4.700;199.9;10.37;
1-239;3.979;49.97;4.700;200.0;10.39;
1-240;3.996;49.97;4.600;200.0;10.42;
1-241;4.013;49.97;4.700;200.1;10.44;
1-242;4.029;49.97;4.700;200.1;10.47;
1-243;4.046;49.97;4.600;200.1;10.49;
1-244;4.063;49.97;4.700;200.2;10.51;
1-245;4.079;49.97;4.700;200.2;10.54;
1-246;4.096;49.97;4.600;200.2;10.56;
1-247;4.113;49.97;4.600;200.3;10.59;
1-248;4.129;49.97;4.700;200.4;10.61;
1-249;4.146;49.97;4.600;200.4;10.64;
1-250;4.163;49.97;4.700;200.5;10.66;
1-251;4.179;49.97;4.600;200.5;10.68;
1-252;4.196;49.97;4.600;200.5;10.71;
1-253;4.213;49.97;4.600;200.6;10.73;
1-254;4.229;49.97;4.600;200.6;10.76;
1-255;4.246;49.97;4.700;200.6;10.78;
1-256;4.263;49.97;4.600;200.7;10.81;
1-257;4.279;49.97;4.600;200.7;10.83;
1-258;4.296;49.97;4.600;200.8;10.85;
1-259;4.313;49.97;4.600;200.8;10.88;
1-260;4.329;49.97;4.500;200.9;10.90;
1-261;4.346;49.97;4.500;200.9;10.93;
1-262;4.363;49.97;4.600;200.9;10.95;
1-263;4.379;49.97;4.600;201.0;10.97;
1-264;4.396;49.97;4.500;201.0;11.00;
1-265;4.413;49.97;4.500;201.1;11.02;
1-266;4.429;49.97;4.600;201.1;11.04;
1-267;4.446;49.97;4.500;201.1;11.07;
1-268;4.463;49.97;4.500;201.2;11.09;
1-269;4.479;49.97;4.500;201.2;11.12;
1-270;4.496;49.97;4.500;201.2;11.14;
1-271;4.513;49.97;4.600;201.3;11.16;
1-272;4.529;49.97;4.500;201.3;11.19;
1-273;4.546;49.97;4.600;201.3;11.21;
1-274;4.563;49.97;4.500;201.4;11.23;
1-275;4.579;49.97;4.500;201.4;11.26;
1-276;4.596;49.97;4.500;201.4;11.28;
1-277;4.613;49.97;4.500;201.5;11.30;
1-278;4.629;49.97;4.500;201.5;11.33;
1-279;4.646;49.97;4.500;201.6;11.35;
1-280;4.663;49.97;4.500;201.6;11.38;
1-281;4.679;49.97;4.500;201.6;11.40;
1-282;4.696;49.97;4.500;201.7;11.42;
1-283;4.713;49.97;4.500;201.7;11.45;
1-284;4.729;49.97;4.600;201.8;11.47;
1-285;4.746;49.97;4.500;201.8;11.49;
1-286;4.763;49.97;4.500;201.8;11.52;
1-287;4.779;49.97;4.500;201.9;11.54;
1-288;4.796;49.97;4.500;201.9;11.56;
1-289;4.813;49.97;4.500;201.9;11.59;
1-290;4.829;49.97;4.500;202.0;11.61;
1-291;4.846;49.97;4.600;202.0;11.64;
1-292;4.863;49.97;4.500;202.0;11.66;
1-293;4.879;49.97;4.500;202.0;11.68;
1-294;4.896;49.97;4.500;202.1;11.71;
1-295;4.913;49.97;4.600;202.1;11.73;
1-296;4.929;49.97;4.500;202.1;11.75;
1-297;4.946;49.97;4.500;202.2;11.78;
1-298;4.963;49.97;4.500;202.2;11.80;
1-299;4.979;49.97;4.500;202.2;11.82;
1-300;4.996;49.97;4.500;202.3;11.85;
1-301;5.013;49.97;4.500;202.3;11.87;
1-302;5.029;49.97;4.500;202.3;11.90;
1-303;5.046;49.97;4.500;202.4;11.92;
1-304;5.063;49.97;4.500;202.4;11.94;
1-305;5.079;49.97;4.500;202.4;11.97;
1-306;5.096;49.97;4.500;202.5;11.99;
1-307;5.113;49.97;4.500;202.5;12.01;
1-308;5.129;49.97;4.500;202.5;12.04;
1-309;5.146;49.97;4.500;202.6;12.06;
1-310;5.163;49.97;4.400;202.6;12.08;
1-311;5.179;49.97;4.500;202.6;12.11;
1-312;5.196;49.97;4.400;202.6;12.13;
1-313;5.213;49.97;4.500;202.7;12.15;
1-314;5.229;49.97;4.500;202.7;12.18;
1-315;5.246;49.97;4.500;202.7;12.20;
1-316;5.263;49.97;4.500;202.8;12.22;
1-317;5.279;49.97;4.600;202.8;12.25;
1-318;5.296;49.97;4.500;202.8;12.27;
1-319;5.313;49.97;4.500;202.8;12.29;
1-320;5.329;49.97;4.600;202.9;12.32;
1-321;5.346;49.97;4.500;202.9;12.34;
1-322;5.363;49.97;4.500;202.9;12.37;
1-323;5.379;49.97;4.500;203.0;12.39;
1-324;5.396;49.97;4.500;203.0;12.41;
1-325;5.413;49.97;4.500;203.0;12.44;
1-326;5.429;49.97;4.500;203.0;12.46;
1-327;5.446;49.97;4.500;203.1;12.48;
1-328;5.463;49.97;4.500;203.1;12.51;
1-329;5.479;49.97;4.500;203.1;12.53;
1-330;5.496;49.97;4.400;203.2;12.55;
1-331;5.513;49.97;4.500;203.2;12.58;
1-332;5.529;49.97;4.500;203.2;12.60;
1-333;5.546;49.97;4.500;203.2;12.62;
1-334;5.563;49.97;4.500;203.3;12.65;
1-335;5.579;49.97;4.600;203.3;12.67;
1-336;5.596;49.97;4.500;203.3;12.70;
1-337;5.613;49.97;4.500;203.4;12.72;
1-338;5.629;49.97;4.500;203.4;12.74;
1-339;5.646;49.97;4.500;203.4;12.77;
1-340;5.663;49.97;4.500;203.4;12.79;
1-341;5.679;49.97;4.500;203.4;12.81;
1-342;5.696;49.97;4.500;203.5;12.84;
1-343;5.713;49.97;4.600;203.5;12.86;
1-344;5.729;49.97;4.600;203.5;12.88;
1-345;5.746;49.97;4.600;203.6;12.91;
1-346;5.763;49.97;4.600;203.6;12.93;
1-347;5.779;49.97;4.600;203.6;12.96;
1-348;5.796;49.97;4.500;203.6;12.98;
1-349;5.813;49.97;4.600;203.7;13.00;
1-350;5.829;49.97;4.500;203.7;13.03;
1-351;5.846;49.97;4.500;203.7;13.05;
1-352;5.863;49.97;4.500;203.8;13.08;
1-353;5.879;49.97;4.400;203.8;13.10;
1-354;5.896;49.97;4.400;203.8;13.12;
1-355;5.913;49.97;4.400;203.8;13.14;
1-356;5.929;49.97;4.400;203.9;13.17;
1-357;5.946;49.97;4.400;203.9;13.19;
1-358;5.963;49.97;4.400;204.0;13.21;
1-359;5.979;49.97;4.400;204.0;13.24;
1-360;5.996;49.97;4.300;204.0;13.26;
1-361;6.013;49.97;4.400;204.0;13.28;
1-362;6.029;49.97;4.300;204.1;13.31;
1-363;6.046;49.97;4.400;204.1;13.33;
1-364;6.063;49.97;4.300;204.1;13.35;
1-365;6.079;49.97;4.300;204.2;13.37;
1-366;6.096;49.97;4.300;204.2;13.40;
1-367;6.113;49.97;4.300;204.3;13.42;
1-368;6.129;49.97;4.400;204.3;13.44;
1-369;6.146;49.97;4.300;204.3;13.46;
1-370;6.163;49.97;4.400;204.3;13.49;
1-371;6.179;49.97;4.300;204.4;13.51;
1-372;6.196;49.97;4.300;204.4;13.53;
1-373;6.213;49.97;4.300;204.5;13.55;
1-374;6.229;49.97;4.400;204.5;13.58;
1-375;6.246;49.97;4.300;204.5;13.60;
1-376;6.263;49.97;4.300;204.5;13.62;
1-377;6.279;49.97;4.300;204.6;13.65;
1-378;6.296;49.97;4.300;204.6;13.67;
1-379;6.313;49.97;4.300;204.6;13.69;
1-380;6.329;49.97;4.300;204.7;13.71;
1-381;6.346;49.97;4.400;204.7;13.74;
1-382;6.363;49.97;4.300;204.7;13.76;
1-383;6.379;49.97;4.300;204.8;13.78;
1-384;6.396;49.97;4.300;204.8;13.80;
1-385;6.413;49.97;4.300;204.8;13.83;
1-386;6.429;49.97;4.300;204.8;13.85;
1-387;6.446;49.97;4.300;204.9;13.87;
1-388;6.463;49.97;4.400;204.9;13.89;
1-389;6.479;49.97;4.300;204.9;13.92;
1-390;6.496;49.97;4.300;205.0;13.94;
1-391;6.513;49.97;4.200;205.0;13.96;
1-392;6.529;49.97;4.300;205.0;13.98;
1-393;6.546;49.97;4.300;205.0;14.01;
1-394;6.563;49.97;4.300;205.0;14.03;
1-395;6.579;49.97;4.400;205.1;14.05;
1-396;6.596;49.97;4.300;205.1;14.07;
1-397;6.613;49.97;4.300;205.1;14.10;
1-398;6.629;49.97;4.300;205.1;14.12;
1-399;6.646;49.97;4.400;205.2;14.14;
1-400;6.663;49.97;4.300;205.2;14.16;
1-401;6.679;49.97;4.300;205.2;14.19;
1-402;6.696;49.97;4.300;205.2;14.21;
1-403;6.713;49.97;4.300;205.2;14.23;
1-404;6.729;49.97;4.300;205.2;14.25;
1-405;6.746;49.97;4.400;205.3;14.28;
1-406;6.763;49.97;4.400;205.3;14.30;
1-407;6.779;49.97;4.400;205.3;14.32;
1-408;6.796;49.97;4.400;205.4;14.35;
1-409;6.813;49.97;4.300;205.4;14.37;
1-410;6.829;49.97;4.400;205.4;14.39;
1-411;6.846;49.97;4.400;205.4;14.41;
1-412;6.863;49.97;4.400;205.4;14.44;
1-413;6.879;49.97;4.400;205.4;14.46;
1-414;6.896;49.97;4.400;205.5;14.48;
1-415;6.913;49.97;4.300;205.5;14.51;
1-416;6.929;49.97;4.300;205.5;14.53;
1-417;6.946;49.97;4.400;205.5;14.55;
1-418;6.963;49.97;4.400;205.5;14.57;
1-419;6.979;49.97;4.400;205.6;14.60;
1-420;6.996;49.97;4.400;205.6;14.62;
1-421;7.013;49.97;4.400;205.6;14.64;
1-422;7.029;49.97;4.400;205.6;14.67;
1-423;7.046;49.97;4.400;205.6;14.69;
1-424;7.063;49.97;4.500;205.7;14.71;
1-425;7.079;49.97;4.500;205.7;14.74;
1-426;7.096;49.97;4.500;205.7;14.76;
1-427;7.113;49.97;4.400;205.7;14.78;
1-428;7.129;49.97;4.500;205.7;14.81;
1-429;7.146;49.97;4.500;205.8;14.83;
1-430;7.163;49.97;4.500;205.8;14.85;
1-431;7.179;49.97;4.600;205.8;14.88;
1-432;7.196;49.97;4.500;205.8;14.90;
1-433;7.213;49.97;4.500;205.8;14.93;
1-434;7.229;49.97;4.500;205.8;14.95;
1-435;7.246;49.97;4.600;205.9;14.97;
1-436;7.263;49.97;4.600;205.9;15.00;
1-437;7.279;49.97;4.500;205.9;15.02;
1-438;7.296;49.97;4.600;205.9;15.04;
1-439;7.313;49.97;4.500;206.0;15.07;
1-440;7.329;49.97;4.600;206.0;15.09;
1-441;7.346;49.97;4.600;206.0;15.12;
1-442;7.364;49.97;4.700;206.0;15.14;
1-443;7.381;49.97;4.600;206.0;15.17;
1-444;7.398;49.97;4.600;206.0;15.19;
1-445;7.414;49.97;4.500;206.0;15.22;
1-446;7.431;49.97;4.600;206.0;15.24;
1-447;7.448;49.97;4.700;206.1;15.26;
1-448;7.464;49.97;4.600;206.1;15.29;
1-449;7.481;49.97;4.700;206.1;15.31;
1-450;7.498;49.97;4.600;206.1;15.34;
1-451;7.514;49.97;4.600;206.1;15.36;
1-452;7.531;49.97;4.600;206.2;15.38;
1-453;7.548;49.97;4.700;206.2;15.41;
1-454;7.564;49.97;4.700;206.2;15.43;
1-455;7.581;49.97;4.600;206.2;15.46;
1-456;7.598;49.97;4.700;206.2;15.48;
1-457;7.615;49.97;4.700;206.2;15.51;
1-458;7.631;49.97;4.700;206.3;15.53;
1-459;7.648;49.97;4.700;206.3;15.56;
1-460;7.665;49.97;4.800;206.3;15.58;
1-461;7.681;49.97;4.700;206.3;15.61;
1-462;7.698;49.97;4.700;206.3;15.63;
1-463;7.715;49.97;4.700;206.3;15.66;
1-464;7.731;49.97;4.700;206.4;15.68;
1-465;7.748;49.97;4.700;206.4;15.70;
1-466;7.765;49.97;4.700;206.4;15.73;
1-467;7.781;49.97;4.800;206.4;15.75;
1-468;7.798;49.97;4.800;206.5;15.78;
1-469;7.815;49.97;4.800;206.5;15.80;
1-470;7.831;49.97;4.800;206.5;15.83;
1-471;7.848;49.97;4.900;206.5;15.85;
1-472;7.865;49.97;4.900;206.5;15.88;
1-473;7.881;49.97;4.900;206.5;15.91;
1-474;7.898;49.97;4.900;206.6;15.93;
1-475;7.915;49.97;5.000;206.5;15.96;
1-476;7.931;49.97;5.000;206.6;15.98;
1-477;7.948;49.97;5.000;206.6;16.01;
1-478;7.965;49.97;5.100;206.6;16.04;
1-479;7.981;49.97;5.000;206.7;16.06;
1-480;7.998;49.97;5.000;206.7;16.09;
1-481;8.015;49.97;5.100;206.7;16.12;
1-482;8.031;49.97;5.200;206.7;16.14;
1-483;8.048;49.97;5.300;206.7;16.17;
1-484;8.065;49.97;5.200;206.7;16.20;
1-485;8.081;49.97;5.300;206.8;16.22;
1-486;8.098;49.97;5.300;206.8;16.25;
1-487;8.115;49.97;5.400;206.8;16.28;
1-488;8.131;49.97;5.400;206.8;16.31;
1-489;8.148;49.97;5.500;206.8;16.34;
1-490;8.165;49.97;5.600;206.9;16.37;
1-491;8.181;49.97;5.600;206.9;16.40;
1-492;8.198;49.97;5.700;206.9;16.42;
1-493;8.215;49.97;5.800;206.9;16.45;
1-494;8.231;49.97;5.800;207.0;16.49;
1-495;8.248;49.97;5.900;207.0;16.52;
1-496;8.265;49.97;6.100;207.0;16.55;
1-497;8.281;49.97;6.100;207.0;16.58;
1-498;8.298;49.97;6.100;207.1;16.61;
1-499;8.315;49.97;6.300;207.1;16.64;
1-500;8.331;49.97;6.400;207.1;16.68;
1-501;8.348;49.97;6.600;207.1;16.71;
1-502;8.365;49.97;6.600;207.1;16.75;
1-503;8.381;49.97;6.800;207.2;16.78;
1-504;8.398;49.97;7.000;207.2;16.82;
1-505;8.415;49.97;7.100;207.2;16.85;
1-506;8.431;49.97;7.200;207.2;16.89;
1-507;8.448;49.97;7.400;207.3;16.93;
1-508;8.465;49.97;7.700;207.3;16.97;
1-509;8.481;49.97;7.800;207.3;17.01;
1-510;8.498;49.97;7.900;207.4;17.05;
1-511;8.515;49.97;8.100;207.4;17.09;
1-512;8.531;49.97;8.300;207.4;17.13;
1-513;8.548;49.97;8.600;207.4;17.18;
1-514;8.565;49.97;8.900;207.4;17.23;
1-515;8.581;49.97;9.300;207.5;17.27;
1-516;8.598;49.97;9.400;207.6;17.32;
1-517;8.615;49.97;9.800;207.6;17.37;
1-518;8.631;49.97;10.00;207.6;17.42;
1-519;8.648;49.97;10.30;207.7;17.48;
1-520;8.665;49.97;10.70;207.8;17.53;
1-521;8.681;49.97;11.10;207.8;17.59;
1-522;8.698;49.97;11.10;207.9;17.65;
1-523;8.715;49.97;11.90;208.0;17.71;
1-524;8.731;49.97;12.00;208.0;17.77;
1-525;8.748;49.97;12.70;208.1;17.83;
1-526;8.765;49.97;13.20;208.2;17.90;
1-527;8.781;49.97;13.50;208.3;17.97;
1-528;8.798;49.97;14.00;208.4;18.04;
1-529;8.815;49.97;14.40;208.5;18.12;
1-530;8.831;49.97;14.90;208.6;18.19;
1-531;8.848;49.97;15.40;208.8;18.27;
1-532;8.865;49.97;16.00;208.9;18.36;
1-533;8.881;49.97;15.80;209.0;18.44;
1-534;8.898;49.97;16.10;209.3;18.52;
1-535;8.915;49.97;16.50;209.6;18.61;
1-536;8.931;49.97;16.70;209.7;18.70;
1-537;8.948;49.97;16.60;209.9;18.78;
1-538;8.965;49.97;17.30;209.9;18.87;
1-539;8.981;49.97;18.00;210.2;18.96;
1-540;8.998;49.97;17.60;210.5;19.06;
1-541;9.015;49.97;17.50;210.7;19.15;
1-542;9.031;49.97;17.90;210.7;19.24;
1-543;9.048;49.97;18.20;210.8;19.34;
1-544;9.065;49.97;17.30;211.0;19.43;
1-545;9.081;49.97;17.70;211.2;19.52;
1-546;9.098;49.97;17.00;211.3;19.61;
1-547;9.115;49.97;18.00;211.4;19.70;
1-548;9.131;49.97;17.40;211.6;19.79;
1-549;9.148;49.97;16.90;211.6;19.88;
1-550;9.165;49.97;17.00;211.8;19.97;
1-551;9.181;49.97;17.20;212.0;20.06;
1-552;9.198;49.97;16.80;212.0;20.15;
1-553;9.215;49.97;16.50;212.2;20.24;
1-554;9.231;49.97;16.30;212.2;20.32;
1-555;9.248;49.97;16.30;212.3;20.41;
1-556;9.265;49.97;16.40;212.5;20.50;
1-557;9.281;49.97;15.20;212.6;20.58;
1-558;9.298;49.97;14.40;212.6;20.66;
1-559;9.315;49.97;13.60;212.7;20.73;
1-560;9.331;49.97;13.80;212.7;20.80;
1-561;9.348;49.97;13.50;212.7;20.87;
1-562;9.365;49.97;12.90;212.8;20.94;
1-563;9.381;49.97;12.40;212.8;21.01;
1-564;9.398;49.97;11.50;212.8;21.07;
1-565;9.415;49.97;10.90;212.9;21.13;
1-566;9.431;49.97;11.10;212.9;21.19;
1-567;9.448;49.97;10.80;212.9;21.24;
1-568;9.465;49.97;10.50;212.9;21.30;
1-569;9.481;49.97;10.90;212.9;21.36;
1-570;9.498;49.97;10.00;212.9;21.41;
1-571;9.515;49.97;9.500;212.8;21.46;
1-572;9.531;49.97;9.000;212.8;21.51;
1-573;9.548;49.97;8.600;212.8;21.56;
1-574;9.565;49.97;8.600;212.8;21.60;
1-575;9.581;49.97;8.200;212.8;21.64;
1-576;9.598;49.97;8.200;212.7;21.69;
1-577;9.615;49.97;8.500;212.7;21.73;
1-578;9.631;49.97;8.000;212.6;21.77;
1-579;9.648;49.97;7.800;212.7;21.82;
1-580;9.665;49.97;7.600;212.6;21.86;
1-581;9.681;49.97;7.400;212.5;21.89;
1-582;9.698;49.97;7.200;212.5;21.93;
1-583;9.715;49.97;7.000;212.5;21.97;
1-584;9.731;49.97;6.900;212.4;22.01;
1-585;9.748;49.97;6.900;212.3;22.04;
1-586;9.765;49.97;7.000;212.2;22.08;
1-587;9.781;49.97;7.600;212.2;22.12;
1-588;9.798;49.97;7.000;212.2;22.16;
1-589;9.815;49.97;6.700;212.1;22.19;
1-590;9.831;49.97;7.100;212.1;22.23;
1-591;9.848;49.97;7.200;212.0;22.26;
1-592;9.865;49.97;6.700;212.0;22.30;
1-593;9.881;49.97;6.900;212.0;22.34;
1-594;9.898;49.97;7.000;211.9;22.37;
1-595;9.915;49.97;7.200;211.9;22.41;
1-596;9.931;49.97;7.700;211.8;22.45;
1-597;9.948;49.97;7.500;211.8;22.49;
1-598;9.965;49.97;7.300;211.8;22.53;
1-599;9.981;49.97;7.100;211.7;22.57;
1-600;9.998;49.97;7.500;211.7;22.60;
1-601;10.01;49.97;8.000;211.7;22.64;
1-602;10.03;49.97;7.400;211.7;22.68;
1-603;10.05;49.97;7.400;211.7;22.72;
1-604;10.06;49.97;7.500;211.7;22.76;
1-605;10.08;49.97;7.300;211.6;22.80;
1-606;10.10;49.97;7.400;211.6;22.84;
1-607;10.11;49.97;7.400;211.6;22.88;
1-608;10.13;49.97;7.300;211.6;22.92;
1-609;10.15;49.97;6.900;211.6;22.95;
1-610;10.16;49.97;7.500;211.6;22.99;
1-611;10.18;49.97;7.500;211.6;23.03;
1-612;10.20;49.97;7.800;211.6;23.07;
1-613;10.21;49.97;7.500;211.6;23.11;
1-614;10.23;49.97;8.500;211.6;23.15;
1-615;10.25;49.97;7.600;211.6;23.19;
1-616;10.26;49.97;7.500;211.6;23.23;
1-617;10.28;49.97;8.500;211.6;23.28;
1-618;10.30;49.97;8.000;211.6;23.32;
1-619;10.31;49.97;8.000;211.6;23.36;
1-620;10.33;49.97;8.000;211.7;23.40;
1-621;10.35;49.97;8.800;211.7;23.45;
1-622;10.36;49.97;8.200;211.7;23.49;
1-623;10.38;49.97;8.000;211.7;23.53;
1-624;10.40;49.97;8.700;211.7;23.58;
1-625;10.41;49.97;9.100;211.8;23.62;
1-626;10.43;49.97;9.500;211.8;23.67;
1-627;10.45;49.97;7.700;211.8;23.72;
1-628;10.46;49.97;9.000;211.8;23.76;
1-629;10.48;49.97;9.000;211.8;23.81;
1-630;10.50;49.97;8.600;211.9;23.85;
1-631;10.51;49.97;9.100;211.9;23.90;
1-632;10.53;49.97;9.000;211.9;23.95;
1-633;10.55;49.97;9.700;212.0;24.00;
1-634;10.56;49.97;9.300;211.9;24.05;
1-635;10.58;49.97;9.600;211.9;24.10;
1-636;10.60;49.97;9.300;211.9;24.15;
1-637;10.61;49.97;9.200;212.0;24.19;
1-638;10.63;49.97;9.500;212.0;24.24;
1-639;10.65;49.97;8.600;212.1;24.29;
1-640;10.66;49.97;9.200;212.2;24.34;
1-641;10.68;49.97;8.800;212.2;24.38;
1-642;10.70;49.97;9.600;212.2;24.43;
1-643;10.71;49.97;8.800;212.3;24.48;
1-644;10.73;49.97;9.400;212.3;24.53;
1-645;10.75;49.97;9.700;212.3;24.58;
1-646;10.76;49.97;9.400;212.4;24.63;
1-647;10.78;49.97;9.400;212.4;24.68;
1-648;10.80;49.97;9.800;212.4;24.73;
1-649;10.81;49.97;10.80;212.4;24.78;
1-650;10.83;49.97;10.60;212.5;24.84;
1-651;10.85;49.97;9.300;212.5;24.89;
1-652;10.86;49.97;11.00;212.5;24.94;
1-653;10.88;49.97;11.20;212.6;25.00;
1-654;10.90;49.97;9.900;212.6;25.06;
1-655;10.91;49.97;9.600;212.6;25.11;
1-656;10.93;49.97;11.70;212.7;25.16;
1-657;10.95;49.97;10.70;212.7;25.22;
1-658;10.96;49.97;10.60;212.8;25.28;
1-659;10.98;49.97;11.10;212.8;25.33;
1-660;11.00;49.97;10.50;212.8;25.39;
1-661;11.01;49.97;10.10;212.9;25.44;
1-662;11.03;49.97;10.00;212.9;25.50;
1-663;11.05;49.97;10.40;213.0;25.55;
1-664;11.06;49.97;9.800;213.0;25.60;
1-665;11.08;49.97;9.700;213.0;25.65;
1-666;11.10;49.97;9.700;213.0;25.71;
1-667;11.11;49.97;10.00;213.0;25.76;
1-668;11.13;49.97;9.600;213.0;25.81;
1-669;11.15;49.97;9.400;213.0;25.86;
1-670;11.16;49.97;9.500;213.0;25.91;
1-671;11.18;49.97;9.700;213.0;25.96;
1-672;11.20;49.97;9.700;213.0;26.01;
1-673;11.21;49.97;9.200;213.0;26.06;
1-674;11.23;49.97;9.500;213.0;26.11;
1-675;11.25;49.97;9.300;213.0;26.16;
1-676;11.26;49.97;9.600;212.9;26.21;
1-677;11.28;49.97;9.800;212.9;26.26;
1-678;11.30;49.97;10.00;212.9;26.31;
1-679;11.31;49.97;9.700;213.0;26.36;
1-680;11.33;49.97;9.600;213.0;26.41;
1-681;11.35;49.97;9.700;213.0;26.46;
1-682;11.36;49.97;9.800;213.0;26.51;
1-683;11.38;49.97;10.10;213.0;26.56;
1-684;11.40;49.97;9.800;213.0;26.62;
1-685;11.41;49.97;9.500;213.0;26.67;
1-686;11.43;49.97;9.600;213.0;26.72;
1-687;11.45;49.97;9.600;213.1;26.77;
1-688;11.46;49.97;9.800;213.1;26.82;
1-689;11.48;49.97;9.900;213.1;26.87;
1-690;11.50;49.97;10.10;213.1;26.92;
1-691;11.51;49.97;9.600;213.1;26.97;
1-692;11.53;49.97;10.00;213.2;27.02;
1-693;11.55;49.97;9.700;213.2;27.08;
1-694;11.56;49.97;10.20;213.2;27.13;
1-695;11.58;49.97;9.500;213.3;27.18;
1-696;11.60;49.97;9.700;213.3;27.23;
1-697;11.61;49.97;9.600;213.3;27.28;
1-698;11.63;49.97;9.400;213.3;27.33;
1-699;11.65;49.97;9.700;213.3;27.38;
1-700;11.66;49.97;9.600;213.3;27.43;
1-701;11.68;49.97;9.900;213.3;27.48;
1-702;11.70;49.97;9.700;213.3;27.53;
1-703;11.71;49.97;9.800;213.3;27.58;
1-704;11.73;49.97;9.700;213.3;27.63;
1-705;11.75;49.97;9.500;213.3;27.68;
1-706;11.76;49.97;9.700;213.4;27.73;
1-707;11.78;49.97;9.600;213.4;27.79;
1-708;11.80;49.97;9.900;213.4;27.84;
1-709;11.81;49.97;9.500;213.4;27.89;
1-710;11.83;49.97;9.600;213.4;27.94;
1-711;11.85;49.97;9.700;213.4;27.99;
1-712;11.86;49.97;9.800;213.4;28.04;
1-713;11.88;49.97;9.700;213.4;28.09;
1-714;11.90;49.97;9.900;213.5;28.14;
1-715;11.91;49.97;9.800;213.5;28.19;
1-716;11.93;49.97;9.600;213.5;28.24;
1-717;11.95;49.97;9.800;213.6;28.29;
1-718;11.96;49.97;9.900;213.6;28.35;
1-719;11.98;49.97;10.10;213.6;28.40;
1-720;12.00;49.97;9.900;213.6;28.45;
1-721;12.01;49.97;9.800;213.6;28.50;
1-722;12.03;49.97;9.700;213.6;28.55;
1-723;12.05;49.97;9.900;213.7;28.60;
1-724;12.06;49.97;10.00;213.7;28.66;
1-725;12.08;49.97;10.00;213.7;28.71;
1-726;12.10;49.97;10.40;213.7;28.76;
1-727;12.11;49.97;10.10;213.7;28.82;
1-728;12.13;49.97;9.900;213.7;28.87;
1-729;12.15;49.97;10.10;213.8;28.92;
1-730;12.16;49.97;10.10;213.8;28.97;
1-731;12.18;49.97;10.20;213.8;29.03;
1-732;12.20;49.97;10.70;213.9;29.08;
1-733;12.21;49.97;10.30;213.9;29.14;
1-734;12.23;49.97;10.10;213.9;29.19;
1-735;12.25;49.97;10.10;213.9;29.24;
1-736;12.26;49.97;10.10;213.9;29.29;
1-737;12.28;49.97;10.60;213.9;29.35;
1-738;12.30;49.97;10.70;213.9;29.40;
1-739;12.31;49.97;10.40;214.0;29.46;
1-740;12.33;49.97;10.80;214.0;29.52;
1-741;12.35;49.97;10.30;214.0;29.57;
1-742;12.36;49.97;10.30;214.0;29.62;
1-743;12.38;49.97;10.30;214.0;29.68;
1-744;12.40;49.97;10.50;214.0;29.73;
1-745;12.41;49.97;10.90;214.0;29.79;
1-746;12.43;49.97;10.30;214.0;29.84;
1-747;12.45;49.97;10.10;214.1;29.90;
1-748;12.46;49.97;10.10;214.1;29.95;
1-749;12.48;49.97;9.700;214.1;30.00;
1-750;12.50;49.97;9.500;214.1;30.05;
1-751;12.51;49.97;9.700;214.1;30.10;
1-752;12.53;49.97;9.400;214.1;30.15;
1-753;12.55;49.97;9.600;214.1;30.20;
1-754;12.56;49.97;9.600;214.1;30.25;
1-755;12.58;49.97;9.900;214.1;30.30;
1-756;12.60;49.97;9.800;214.1;30.36;
1-757;12.61;49.97;9.900;214.1;30.41;
1-758;12.63;49.97;9.500;214.1;30.46;
1-759;12.65;49.97;9.400;214.1;30.51;
1-760;12.66;49.97;9.500;214.1;30.56;
1-761;12.68;49.97;9.500;214.1;30.61;
1-762;12.70;49.97;9.700;214.1;30.66;
1-763;12.71;49.97;9.700;214.1;30.71;
1-764;12.73;49.97;9.500;214.1;30.76;
1-765;12.75;49.97;9.500;214.2;30.81;
1-766;12.76;49.97;9.500;214.2;30.86;
1-767;12.78;49.97;9.600;214.2;30.91;
1-768;12.80;49.97;9.700;214.2;30.96;
1-769;12.81;49.97;9.800;214.2;31.01;
1-770;12.83;49.97;9.300;214.2;31.06;
1-771;12.85;49.97;9.400;214.2;31.11;
1-772;12.86;49.97;9.200;214.3;31.16;
1-773;12.88;49.97;9.300;214.3;31.20;
1-774;12.90;49.97;9.100;214.3;31.25;
1-775;12.91;49.97;9.100;214.3;31.30;
1-776;12.93;49.97;9.000;214.3;31.35;
1-777;12.95;49.97;9.000;214.2;31.39;
1-778;12.96;49.97;9.100;214.2;31.44;
1-779;12.98;49.97;8.900;214.2;31.49;
1-780;13.00;49.97;9.100;214.2;31.54;
1-781;13.01;49.97;9.000;214.2;31.58;
1-782;13.03;49.97;9.000;214.2;31.63;
1-783;13.05;49.97;9.000;214.2;31.68;
1-784;13.06;49.97;9.000;214.2;31.72;
1-785;13.08;49.97;9.000;214.2;31.77;
1-786;13.10;49.97;9.000;214.2;31.82;
1-787;13.11;49.97;9.100;214.2;31.87;
1-788;13.13;49.97;8.900;214.2;31.91;
1-789;13.15;49.97;9.000;214.2;31.96;
1-790;13.16;49.97;8.900;214.3;32.01;
1-791;13.18;49.97;9.000;214.3;32.05;
1-792;13.20;49.97;8.900;214.3;32.10;
1-793;13.21;49.97;9.000;214.2;32.15;
1-794;13.23;49.97;8.900;214.2;32.19;
1-795;13.25;49.97;8.900;214.3;32.24;
1-796;13.26;49.97;9.000;214.3;32.29;
1-797;13.28;49.97;8.900;214.3;32.33;
1-798;13.30;49.97;9.000;214.3;32.38;
1-799;13.31;49.97;8.900;214.3;32.43;
1-800;13.33;49.97;8.900;214.3;32.47;
1-801;13.35;49.97;8.900;214.3;32.52;
1-802;13.36;49.97;8.900;214.3;32.57;
1-803;13.38;49.97;8.900;214.3;32.61;
1-804;13.40;49.97;8.900;214.2;32.66;
1-805;13.41;49.97;9.100;214.2;32.71;
1-806;13.43;49.97;8.800;214.2;32.76;
1-807;13.45;49.97;8.900;214.2;32.80;
1-808;13.46;49.97;8.800;214.2;32.85;
1-809;13.48;49.97;9.000;214.2;32.89;
1-810;13.50;49.97;8.900;214.2;32.94;
1-811;13.51;49.97;9.000;214.2;32.99;
1-812;13.53;49.97;8.900;214.2;33.03;
1-813;13.55;49.97;8.900;214.2;33.08;
1-814;13.56;49.97;9.000;214.2;33.13;
1-815;13.58;49.97;8.900;214.2;33.18;
1-816;13.60;49.97;9.000;214.2;33.22;
1-817;13.61;49.97;8.900;214.2;33.27;
1-818;13.63;49.97;9.000;214.2;33.32;
1-819;13.65;49.97;8.900;214.2;33.36;
1-820;13.66;49.97;8.900;214.2;33.41;
1-821;13.68;49.97;9.000;214.2;33.46;
1-822;13.70;49.97;8.900;214.3;33.50;
1-823;13.71;49.97;9.100;214.2;33.55;
1-824;13.73;49.97;8.900;214.2;33.60;
1-825;13.75;49.97;9.000;214.2;33.64;
1-826;13.76;49.97;8.900;214.2;33.69;
1-827;13.78;49.97;9.000;214.2;33.74;
1-828;13.80;49.97;9.000;214.2;33.78;
1-829;13.81;49.97;9.000;214.2;33.83;
1-830;13.83;49.97;9.000;214.3;33.88;
1-831;13.85;49.97;8.900;214.3;33.93;
1-832;13.86;49.97;9.100;214.3;33.97;
1-833;13.88;49.97;8.900;214.3;34.02;
1-834;13.90;49.97;9.100;214.3;34.07;
1-835;13.91;49.97;9.000;214.3;34.11;
1-836;13.93;49.97;9.100;214.3;34.16;
1-837;13.95;49.97;9.000;214.3;34.21;
1-838;13.96;49.97;9.000;214.3;34.26;
1-839;13.98;49.97;9.000;214.3;34.30;
1-840;14.00;49.97;9.000;214.3;34.35;
1-841;14.01;49.97;9.200;214.3;34.40;
1-842;14.03;49.97;9.000;214.3;34.45;
1-843;14.05;49.97;9.000;214.3;34.49;
1-844;14.06;49.97;9.000;214.3;34.54;
1-845;14.08;49.97;9.000;214.3;34.59;
1-846;14.10;49.97;9.000;214.3;34.63;
1-847;14.11;49.97;9.000;214.3;34.68;
1-848;14.13;49.97;9.100;214.3;34.73;
1-849;14.15;49.97;8.900;214.3;34.78;
1-850;14.16;49.97;9.100;214.3;34.82;
1-851;14.18;49.97;8.900;214.3;34.87;
1-852;14.20;49.97;9.100;214.3;34.92;
1-853;14.21;49.97;9.000;214.3;34.96;

