D:\Documents and Settings\All Users\Documents\Thermo\PolySoft\Projects\JanLDHTEST Dec2015.pmp\JanDec_0002.pld


 ;t [min];Revolution Speed [1/min];Torque [Nm];TM [°C];E [kJ];
1-1;0.004417;49.97;41.50;167.3;0.01439;
1-2;0.02108;49.97;33.70;161.8;0.211;
1-3;0.03775;49.97;31.10;158.3;0.381;
1-4;0.05442;49.97;28.20;153.5;0.536;
1-5;0.07108;49.97;28.60;151.0;0.685;
1-6;0.08775;49.97;25.90;150.3;0.827;
1-7;0.104;49.97;25.00;149.5;0.960;
1-8;0.121;49.97;24.00;149.1;1.089;
1-9;0.138;49.97;23.80;149.0;1.214;
1-10;0.154;49.97;23.40;149.4;1.337;
1-11;0.171;49.97;23.10;150.3;1.459;
1-12;0.188;49.97;22.50;150.8;1.578;
1-13;0.204;49.97;21.60;151.9;1.693;
1-14;0.221;49.97;21.30;152.7;1.806;
1-15;0.238;49.97;20.30;153.2;1.915;
1-16;0.254;49.97;20.00;154.2;2.020;
1-17;0.271;49.97;19.60;155.4;2.124;
1-18;0.288;49.97;19.10;155.9;2.225;
1-19;0.304;49.97;18.30;157.0;2.323;
1-20;0.321;49.97;18.40;158.2;2.419;
1-21;0.338;49.97;17.70;158.8;2.513;
1-22;0.354;49.97;17.10;160.0;2.604;
1-23;0.371;49.97;16.80;161.1;2.693;
1-24;0.388;49.97;16.40;161.7;2.780;
1-25;0.404;49.97;15.80;162.7;2.864;
1-26;0.421;49.97;15.10;163.8;2.945;
1-27;0.438;49.97;15.00;164.3;3.024;
1-28;0.454;49.97;14.20;165.3;3.100;
1-29;0.471;49.97;14.10;166.3;3.174;
1-30;0.488;49.97;13.50;166.8;3.246;
1-31;0.504;49.97;13.30;167.7;3.317;
1-32;0.521;49.97;12.60;168.6;3.384;
1-33;0.538;49.97;12.40;169.1;3.450;
1-34;0.554;49.97;11.90;170.0;3.513;
1-35;0.571;49.97;11.80;170.8;3.575;
1-36;0.588;49.97;11.50;171.2;3.636;
1-37;0.604;49.97;11.20;172.0;3.696;
1-38;0.621;49.97;10.90;172.7;3.754;
1-39;0.638;49.97;10.60;173.1;3.810;
1-40;0.654;49.97;10.40;173.8;3.865;
1-41;0.671;49.97;10.30;174.4;3.919;
1-42;0.688;49.97;10.00;174.7;3.972;
1-43;0.704;49.97;9.800;175.3;4.024;
1-44;0.721;49.97;9.600;175.9;4.075;
1-45;0.738;49.97;9.600;176.2;4.125;
1-46;0.754;49.97;9.200;176.8;4.174;
1-47;0.771;49.97;9.300;177.3;4.222;
1-48;0.788;49.97;9.000;177.6;4.270;
1-49;0.804;49.97;9.000;178.1;4.317;
1-50;0.821;49.97;8.700;178.5;4.364;
1-51;0.838;49.97;8.800;178.8;4.410;
1-52;0.854;49.97;8.600;179.2;4.455;
1-53;0.871;49.97;8.500;179.6;4.500;
1-54;0.888;49.97;8.400;179.9;4.544;
1-55;0.904;49.97;8.300;180.3;4.588;
1-56;0.921;49.97;8.200;180.7;4.631;
1-57;0.938;49.97;8.200;180.9;4.674;
1-58;0.954;49.97;8.100;181.3;4.716;
1-59;0.971;49.97;8.100;181.7;4.759;
1-60;0.988;49.97;8.000;181.8;4.801;
1-61;1.004;49.97;7.900;182.2;4.843;
1-62;1.021;49.97;7.800;182.5;4.884;
1-63;1.038;49.97;7.900;182.7;4.925;
1-64;1.054;49.97;7.600;183.0;4.965;
1-65;1.071;49.97;7.700;183.3;5.005;
1-66;1.088;49.97;7.600;183.5;5.045;
1-67;1.104;49.97;7.700;183.7;5.085;
1-68;1.121;49.97;7.500;184.0;5.125;
1-69;1.138;49.97;7.500;184.2;5.164;
1-70;1.154;49.97;7.400;184.5;5.203;
1-71;1.171;49.97;7.400;184.7;5.242;
1-72;1.188;49.97;7.400;184.9;5.281;
1-73;1.204;49.97;7.300;185.1;5.319;
1-74;1.221;49.97;7.200;185.3;5.357;
1-75;1.238;49.97;7.200;185.4;5.395;
1-76;1.254;49.97;7.100;185.7;5.432;
1-77;1.271;49.97;7.100;185.9;5.470;
1-78;1.288;49.97;7.100;186.0;5.507;
1-79;1.304;49.97;7.100;186.3;5.544;
1-80;1.321;49.97;6.900;186.5;5.581;
1-81;1.338;49.97;7.000;186.6;5.617;
1-82;1.354;49.97;6.800;186.8;5.653;
1-83;1.371;49.97;7.000;187.0;5.689;
1-84;1.388;49.97;6.800;187.1;5.725;
1-85;1.404;49.97;6.800;187.3;5.761;
1-86;1.421;49.97;6.700;187.5;5.796;
1-87;1.438;49.97;6.800;187.6;5.831;
1-88;1.454;49.97;6.700;187.8;5.867;
1-89;1.471;49.97;6.700;188.0;5.902;
1-90;1.488;49.97;6.700;188.1;5.937;
1-91;1.504;49.97;6.600;188.3;5.972;
1-92;1.521;49.97;6.600;188.4;6.006;
1-93;1.538;49.97;6.600;188.5;6.041;
1-94;1.554;49.97;6.500;188.7;6.075;
1-95;1.571;49.97;6.500;188.8;6.109;
1-96;1.588;49.97;6.500;188.9;6.143;
1-97;1.604;49.97;6.400;189.1;6.177;
1-98;1.621;49.97;6.300;189.3;6.210;
1-99;1.638;49.97;6.400;189.3;6.243;
1-100;1.654;49.97;6.300;189.5;6.277;
1-101;1.671;49.97;6.400;189.6;6.310;
1-102;1.688;49.97;6.300;189.7;6.343;
1-103;1.704;49.97;6.300;189.7;6.376;
1-104;1.721;49.97;6.200;189.9;6.409;
1-105;1.738;49.97;6.200;190.0;6.441;
1-106;1.754;49.97;6.100;190.1;6.473;
1-107;1.771;49.97;6.100;190.4;6.505;
1-108;1.788;49.97;6.200;190.4;6.537;
1-109;1.804;49.97;6.100;190.4;6.570;
1-110;1.821;49.97;6.100;190.6;6.602;
1-111;1.838;49.97;6.000;190.7;6.633;
1-112;1.854;49.97;6.000;190.7;6.665;
1-113;1.871;49.97;6.000;190.9;6.696;
1-114;1.888;49.97;6.000;191.0;6.727;
1-115;1.904;49.97;6.000;191.1;6.759;
1-116;1.921;49.97;5.900;191.2;6.790;
1-117;1.938;49.97;6.000;191.3;6.821;
1-118;1.954;49.97;5.800;191.4;6.852;
1-119;1.971;49.97;5.900;191.5;6.883;
1-120;1.988;49.97;5.900;191.6;6.913;
1-121;2.004;49.97;6.000;191.7;6.945;
1-122;2.021;49.97;5.800;191.8;6.975;
1-123;2.038;49.97;5.800;192.0;7.006;
1-124;2.054;49.97;5.800;192.0;7.036;
1-125;2.071;49.97;5.800;192.1;7.067;
1-126;2.088;49.97;5.800;192.2;7.097;
1-127;2.104;49.97;5.700;192.3;7.127;
1-128;2.121;49.97;5.700;192.4;7.157;
1-129;2.138;49.97;5.700;192.6;7.187;
1-130;2.154;49.97;5.700;192.6;7.216;
1-131;2.171;49.97;5.700;192.7;7.246;
1-132;2.188;49.97;5.700;192.8;7.276;
1-133;2.204;49.97;5.700;192.9;7.306;
1-134;2.221;49.97;5.600;193.0;7.335;
1-135;2.238;49.97;5.700;193.1;7.365;
1-136;2.254;49.97;5.600;193.1;7.395;
1-137;2.271;49.97;5.600;193.2;7.424;
1-138;2.288;49.97;5.500;193.3;7.453;
1-139;2.304;49.97;5.600;193.4;7.482;
1-140;2.321;49.97;5.500;193.5;7.511;
1-141;2.338;49.97;5.500;193.6;7.540;
1-142;2.354;49.97;5.500;193.6;7.569;
1-143;2.371;49.97;5.400;193.8;7.597;
1-144;2.388;49.97;5.500;193.9;7.626;
1-145;2.404;49.97;5.400;193.9;7.654;
1-146;2.421;49.97;5.500;194.0;7.683;
1-147;2.438;49.97;5.400;194.1;7.711;
1-148;2.454;49.97;5.500;194.2;7.740;
1-149;2.471;49.97;5.400;194.2;7.768;
1-150;2.488;49.97;5.400;194.4;7.797;
1-151;2.504;49.97;5.400;194.4;7.825;
1-152;2.521;49.97;5.300;194.5;7.853;
1-153;2.538;49.97;5.400;194.6;7.881;
1-154;2.554;49.97;5.300;194.6;7.909;
1-155;2.571;49.97;5.200;194.7;7.936;
1-156;2.588;49.97;5.300;194.8;7.964;
1-157;2.604;49.97;5.300;194.9;7.991;
1-158;2.621;49.97;5.200;194.9;8.019;
1-159;2.638;49.97;5.200;195.0;8.046;
1-160;2.654;49.97;5.300;195.1;8.074;
1-161;2.671;49.97;5.200;195.2;8.101;
1-162;2.688;49.97;5.200;195.3;8.128;
1-163;2.704;49.97;5.100;195.4;8.155;
1-164;2.721;49.97;5.200;195.4;8.182;
1-165;2.738;49.97;5.100;195.5;8.209;
1-166;2.754;49.97;5.200;195.6;8.236;
1-167;2.771;49.97;5.100;195.6;8.263;
1-168;2.788;49.97;5.200;195.7;8.290;
1-169;2.804;49.97;5.100;195.8;8.317;
1-170;2.821;49.97;5.100;195.8;8.344;
1-171;2.838;49.97;5.100;195.9;8.370;
1-172;2.854;49.97;5.100;196.0;8.397;
1-173;2.871;49.97;5.100;196.0;8.424;
1-174;2.888;49.97;5.000;196.2;8.450;
1-175;2.904;49.97;5.100;196.2;8.477;
1-176;2.921;49.97;5.000;196.2;8.503;
1-177;2.938;49.97;5.000;196.3;8.529;
1-178;2.954;49.97;5.100;196.4;8.556;
1-179;2.971;49.97;4.900;196.5;8.582;
1-180;2.988;49.97;5.000;196.6;8.608;
1-181;3.004;49.97;4.900;196.6;8.634;
1-182;3.021;49.97;5.000;196.7;8.660;
1-183;3.038;49.97;4.900;196.8;8.685;
1-184;3.054;49.97;5.000;196.8;8.711;
1-185;3.071;49.97;4.900;196.9;8.737;
1-186;3.088;49.97;5.000;197.0;8.763;
1-187;3.104;49.97;4.900;197.0;8.789;
1-188;3.121;49.97;4.900;197.1;8.815;
1-189;3.138;49.97;4.900;197.2;8.840;
1-190;3.154;49.97;4.900;197.3;8.866;
1-191;3.171;49.97;4.800;197.3;8.891;
1-192;3.188;49.97;4.800;197.4;8.916;
1-193;3.204;49.97;4.900;197.4;8.942;
1-194;3.221;49.97;4.800;197.5;8.967;
1-195;3.238;49.97;4.800;197.6;8.992;
1-196;3.254;49.97;4.900;197.6;9.018;
1-197;3.271;49.97;4.800;197.7;9.043;
1-198;3.288;49.97;4.800;197.7;9.068;
1-199;3.304;49.97;4.800;197.8;9.093;
1-200;3.321;49.97;4.800;197.8;9.118;
1-201;3.338;49.97;4.700;197.9;9.143;
1-202;3.354;49.97;4.800;198.0;9.168;
1-203;3.371;49.97;4.700;198.0;9.193;
1-204;3.388;49.97;4.800;198.1;9.218;
1-205;3.404;49.97;4.800;198.2;9.243;
1-206;3.421;49.97;4.800;198.2;9.268;
1-207;3.438;49.97;4.800;198.2;9.293;
1-208;3.454;49.97;4.800;198.3;9.318;
1-209;3.471;49.97;4.700;198.4;9.343;
1-210;3.488;49.97;4.700;198.4;9.368;
1-211;3.504;49.97;4.800;198.5;9.393;
1-212;3.521;49.97;4.700;198.6;9.418;
1-213;3.538;49.97;4.700;198.6;9.442;
1-214;3.554;49.97;4.700;198.6;9.467;
1-215;3.571;49.97;4.600;198.7;9.491;
1-216;3.588;49.97;4.700;198.8;9.515;
1-217;3.604;49.97;4.600;198.8;9.540;
1-218;3.621;49.97;4.700;198.9;9.564;
1-219;3.638;49.97;4.600;198.9;9.588;
1-220;3.654;49.97;4.700;199.0;9.613;
1-221;3.671;49.97;4.600;199.0;9.637;
1-222;3.688;49.97;4.600;199.1;9.661;
1-223;3.704;49.97;4.600;199.2;9.685;
1-224;3.721;49.97;4.600;199.2;9.709;
1-225;3.738;49.97;4.600;199.2;9.733;
1-226;3.754;49.97;4.600;199.3;9.757;
1-227;3.771;49.97;4.600;199.3;9.782;
1-228;3.788;49.97;4.500;199.4;9.805;
1-229;3.804;49.97;4.600;199.5;9.829;
1-230;3.821;49.97;4.500;199.5;9.853;
1-231;3.838;49.97;4.500;199.5;9.877;
1-232;3.854;49.97;4.600;199.6;9.900;
1-233;3.871;49.97;4.500;199.6;9.924;
1-234;3.888;49.97;4.500;199.7;9.948;
1-235;3.904;49.97;4.500;199.8;9.971;
1-236;3.921;49.97;4.600;199.8;9.995;
1-237;3.938;49.97;4.500;199.8;10.02;
1-238;3.954;49.97;4.500;199.9;10.04;
1-239;3.971;49.97;4.500;199.9;10.07;
1-240;3.988;49.97;4.500;200.0;10.09;
1-241;4.004;49.97;4.500;200.0;10.11;
1-242;4.021;49.97;4.500;200.0;10.14;
1-243;4.038;49.97;4.500;200.1;10.16;
1-244;4.054;49.97;4.500;200.2;10.18;
1-245;4.071;49.97;4.500;200.2;10.21;
1-246;4.088;49.97;4.400;200.2;10.23;
1-247;4.104;49.97;4.500;200.3;10.25;
1-248;4.121;49.97;4.400;200.4;10.28;
1-249;4.138;49.97;4.400;200.4;10.30;
1-250;4.154;49.97;4.500;200.4;10.32;
1-251;4.171;49.97;4.400;200.5;10.35;
1-252;4.188;49.97;4.400;200.5;10.37;
1-253;4.204;49.97;4.400;200.6;10.39;
1-254;4.221;49.97;4.500;200.6;10.42;
1-255;4.238;49.97;4.400;200.6;10.44;
1-256;4.254;49.97;4.400;200.7;10.46;
1-257;4.271;49.97;4.400;200.7;10.49;
1-258;4.288;49.97;4.400;200.8;10.51;
1-259;4.304;49.97;4.400;200.8;10.53;
1-260;4.321;49.97;4.400;200.8;10.55;
1-261;4.338;49.97;4.500;200.9;10.58;
1-262;4.354;49.97;4.400;200.9;10.60;
1-263;4.371;49.97;4.400;201.0;10.62;
1-264;4.388;49.97;4.300;201.0;10.65;
1-265;4.404;49.97;4.400;201.0;10.67;
1-266;4.421;49.97;4.400;201.1;10.69;
1-267;4.438;49.97;4.400;201.1;10.72;
1-268;4.454;49.97;4.400;201.2;10.74;
1-269;4.471;49.97;4.300;201.2;10.76;
1-270;4.488;49.97;4.300;201.2;10.78;
1-271;4.504;49.97;4.300;201.3;10.81;
1-272;4.521;49.97;4.400;201.3;10.83;
1-273;4.538;49.97;4.300;201.3;10.85;
1-274;4.554;49.97;4.400;201.4;10.87;
1-275;4.571;49.97;4.400;201.4;10.90;
1-276;4.588;49.97;4.300;201.4;10.92;
1-277;4.604;49.97;4.300;201.5;10.94;
1-278;4.621;49.97;4.300;201.5;10.97;
1-279;4.638;49.97;4.400;201.6;10.99;
1-280;4.654;49.97;4.300;201.6;11.01;
1-281;4.671;49.97;4.300;201.6;11.03;
1-282;4.688;49.97;4.200;201.7;11.06;
1-283;4.704;49.97;4.300;201.7;11.08;
1-284;4.721;49.97;4.300;201.7;11.10;
1-285;4.738;49.97;4.400;201.8;11.12;
1-286;4.754;49.97;4.400;201.8;11.15;
1-287;4.771;49.97;4.300;201.8;11.17;
1-288;4.788;49.97;4.300;201.9;11.19;
1-289;4.804;49.97;4.300;201.9;11.21;
1-290;4.821;49.97;4.300;201.9;11.24;
1-291;4.838;49.97;4.300;202.0;11.26;
1-292;4.854;49.97;4.300;202.0;11.28;
1-293;4.871;49.97;4.300;202.0;11.30;
1-294;4.888;49.97;4.200;202.1;11.33;
1-295;4.904;49.97;4.200;202.1;11.35;
1-296;4.921;49.97;4.200;202.1;11.37;
1-297;4.938;49.97;4.300;202.2;11.39;
1-298;4.954;49.97;4.200;202.2;11.41;
1-299;4.971;49.97;4.200;202.2;11.44;
1-300;4.988;49.97;4.200;202.3;11.46;
1-301;5.004;49.97;4.200;202.3;11.48;
1-302;5.021;49.97;4.200;202.3;11.50;
1-303;5.038;49.97;4.200;202.4;11.52;
1-304;5.054;49.97;4.200;202.4;11.55;
1-305;5.071;49.97;4.200;202.4;11.57;
1-306;5.088;49.97;4.200;202.5;11.59;
1-307;5.104;49.97;4.100;202.5;11.61;
1-308;5.121;49.97;4.200;202.5;11.63;
1-309;5.138;49.97;4.100;202.6;11.66;
1-310;5.154;49.97;4.200;202.6;11.68;
1-311;5.171;49.97;4.200;202.6;11.70;
1-312;5.188;49.97;4.100;202.6;11.72;
1-313;5.204;49.97;4.200;202.7;11.74;
1-314;5.221;49.97;4.100;202.7;11.76;
1-315;5.238;49.97;4.200;202.7;11.79;
1-316;5.254;49.97;4.100;202.8;11.81;
1-317;5.271;49.97;4.200;202.8;11.83;
1-318;5.288;49.97;4.100;202.8;11.85;
1-319;5.304;49.97;4.200;202.8;11.87;
1-320;5.321;49.97;4.100;202.9;11.89;
1-321;5.338;49.97;4.100;202.9;11.92;
1-322;5.354;49.97;4.100;202.9;11.94;
1-323;5.371;49.97;4.100;203.0;11.96;
1-324;5.388;49.97;4.100;203.0;11.98;
1-325;5.404;49.97;4.100;203.0;12.00;
1-326;5.421;49.97;4.200;203.0;12.02;
1-327;5.438;49.97;4.100;203.1;12.05;
1-328;5.454;49.97;4.100;203.1;12.07;
1-329;5.471;49.97;4.100;203.1;12.09;
1-330;5.488;49.97;4.100;203.1;12.11;
1-331;5.504;49.97;4.100;203.2;12.13;
1-332;5.521;49.97;4.000;203.2;12.15;
1-333;5.538;49.97;4.200;203.2;12.17;
1-334;5.554;49.97;4.100;203.2;12.20;
1-335;5.571;49.97;4.100;203.3;12.22;
1-336;5.588;49.97;4.000;203.3;12.24;
1-337;5.604;49.97;4.100;203.3;12.26;
1-338;5.621;49.97;4.100;203.4;12.28;
1-339;5.638;49.97;4.100;203.4;12.30;
1-340;5.654;49.97;4.100;203.4;12.32;
1-341;5.671;49.97;4.100;203.4;12.35;
1-342;5.688;49.97;4.000;203.4;12.37;
1-343;5.704;49.97;4.000;203.4;12.39;
1-344;5.721;49.97;4.100;203.5;12.41;
1-345;5.738;49.97;4.100;203.5;12.43;
1-346;5.754;49.97;4.100;203.6;12.45;
1-347;5.771;49.97;4.100;203.6;12.47;
1-348;5.788;49.97;4.000;203.6;12.49;
1-349;5.804;49.97;4.100;203.6;12.52;
1-350;5.821;49.97;4.100;203.6;12.54;
1-351;5.838;49.97;4.200;203.6;12.56;
1-352;5.854;49.97;4.000;203.7;12.58;
1-353;5.871;49.97;4.100;203.7;12.60;
1-354;5.888;49.97;4.000;203.7;12.62;
1-355;5.904;49.97;4.100;203.8;12.64;
1-356;5.921;49.97;4.000;203.8;12.67;
1-357;5.938;49.97;4.100;203.8;12.69;
1-358;5.954;49.97;4.100;203.8;12.71;
1-359;5.971;49.97;4.000;203.8;12.73;
1-360;5.988;49.97;4.100;203.8;12.75;
1-361;6.004;49.97;4.100;203.9;12.77;
1-362;6.021;49.97;4.100;203.9;12.79;
1-363;6.038;49.97;4.000;203.9;12.81;
1-364;6.054;49.97;4.000;203.9;12.84;
1-365;6.071;49.97;4.100;204.0;12.86;
1-366;6.088;49.97;4.000;204.0;12.88;
1-367;6.104;49.97;4.000;204.0;12.90;
1-368;6.121;49.97;4.000;204.0;12.92;
1-369;6.138;49.97;4.100;204.0;12.94;
1-370;6.154;49.97;4.000;204.1;12.96;
1-371;6.171;49.97;4.100;204.1;12.98;
1-372;6.188;49.97;4.000;204.1;13.00;
1-373;6.204;49.97;4.000;204.1;13.03;
1-374;6.221;49.97;4.000;204.2;13.05;
1-375;6.238;49.97;4.000;204.2;13.07;
1-376;6.254;49.97;4.000;204.2;13.09;
1-377;6.271;49.97;4.000;204.2;13.11;
1-378;6.288;49.97;4.000;204.2;13.13;
1-379;6.304;49.97;4.000;204.2;13.15;
1-380;6.321;49.97;4.100;204.2;13.17;
1-381;6.338;49.97;4.000;204.3;13.19;
1-382;6.354;49.97;4.000;204.3;13.21;
1-383;6.371;49.97;4.000;204.3;13.23;
1-384;6.388;49.97;4.000;204.3;13.26;
1-385;6.404;49.97;4.000;204.4;13.28;
1-386;6.421;49.97;4.000;204.4;13.30;
1-387;6.438;49.97;4.000;204.4;13.32;
1-388;6.454;49.97;4.000;204.4;13.34;
1-389;6.471;49.97;4.000;204.4;13.36;
1-390;6.488;49.97;4.000;204.4;13.38;
1-391;6.504;49.97;4.000;204.5;13.40;
1-392;6.521;49.97;4.000;204.5;13.42;
1-393;6.538;49.97;4.000;204.5;13.44;
1-394;6.554;49.97;4.100;204.5;13.47;
1-395;6.571;49.97;4.000;204.6;13.49;
1-396;6.588;49.97;4.000;204.6;13.51;
1-397;6.604;49.97;3.900;204.6;13.53;
1-398;6.621;49.97;4.000;204.6;13.55;
1-399;6.638;49.97;3.900;204.6;13.57;
1-400;6.654;49.97;3.900;204.6;13.59;
1-401;6.671;49.97;4.000;204.6;13.61;
1-402;6.688;49.97;3.900;204.7;13.63;
1-403;6.704;49.97;3.900;204.7;13.65;
1-404;6.721;49.97;4.000;204.8;13.67;
1-405;6.738;49.97;4.000;204.7;13.69;
1-406;6.754;49.97;4.000;204.8;13.71;
1-407;6.771;49.97;4.000;204.8;13.74;
1-408;6.788;49.97;4.000;204.8;13.76;
1-409;6.804;49.97;3.900;204.8;13.78;
1-410;6.821;49.97;4.000;204.8;13.80;
1-411;6.838;49.97;3.900;204.8;13.82;
1-412;6.854;49.97;4.000;204.8;13.84;
1-413;6.871;49.97;3.900;204.9;13.86;
1-414;6.888;49.97;4.000;204.9;13.88;
1-415;6.904;49.97;3.900;204.9;13.90;
1-416;6.921;49.97;4.000;204.9;13.92;
1-417;6.938;49.97;3.900;204.9;13.94;
1-418;6.954;49.97;3.900;205.0;13.96;
1-419;6.971;49.97;3.900;205.0;13.98;
1-420;6.988;49.97;3.900;205.0;14.00;
1-421;7.004;49.97;3.900;205.0;14.02;
1-422;7.021;49.97;3.900;205.0;14.04;
1-423;7.038;49.97;4.000;205.0;14.06;
1-424;7.054;49.97;3.900;205.1;14.09;
1-425;7.071;49.97;3.900;205.1;14.11;
1-426;7.088;49.97;4.000;205.1;14.13;
1-427;7.104;49.97;3.900;205.1;14.15;
1-428;7.121;49.97;3.900;205.1;14.17;
1-429;7.138;49.97;3.900;205.2;14.19;
1-430;7.154;49.97;4.000;205.2;14.21;
1-431;7.171;49.97;3.900;205.2;14.23;
1-432;7.188;49.97;3.900;205.2;14.25;
1-433;7.204;49.97;3.900;205.2;14.27;
1-434;7.221;49.97;3.900;205.2;14.29;
1-435;7.238;49.97;3.900;205.2;14.31;
1-436;7.254;49.97;3.900;205.3;14.33;
1-437;7.271;49.97;4.000;205.3;14.35;
1-438;7.288;49.97;3.900;205.3;14.37;
1-439;7.304;49.97;3.900;205.3;14.39;
1-440;7.321;49.97;3.900;205.3;14.41;
1-441;7.338;49.97;3.900;205.4;14.43;
1-442;7.354;49.97;3.900;205.4;14.45;
1-443;7.371;49.97;3.900;205.4;14.48;
1-444;7.388;49.97;3.900;205.4;14.50;
1-445;7.404;49.97;3.900;205.4;14.52;
1-446;7.421;49.97;3.900;205.4;14.54;
1-447;7.438;49.97;3.900;205.4;14.56;
1-448;7.454;49.97;4.000;205.5;14.58;
1-449;7.471;49.97;3.900;205.5;14.60;
1-450;7.488;49.97;4.000;205.5;14.62;
1-451;7.504;49.97;3.900;205.5;14.64;
1-452;7.521;49.97;4.000;205.6;14.66;
1-453;7.538;49.97;3.900;205.6;14.68;
1-454;7.554;49.97;3.900;205.6;14.70;
1-455;7.571;49.97;3.900;205.6;14.72;
1-456;7.588;49.97;3.900;205.6;14.74;
1-457;7.604;49.97;3.900;205.6;14.76;
1-458;7.621;49.97;3.900;205.6;14.78;
1-459;7.638;49.97;4.000;205.6;14.80;
1-460;7.654;49.97;3.900;205.7;14.82;
1-461;7.671;49.97;3.900;205.7;14.84;
1-462;7.688;49.97;3.900;205.7;14.86;
1-463;7.704;49.97;3.900;205.7;14.89;
1-464;7.721;49.97;3.900;205.7;14.91;
1-465;7.738;49.97;3.900;205.8;14.93;
1-466;7.754;49.97;3.900;205.8;14.95;
1-467;7.771;49.97;3.900;205.8;14.97;
1-468;7.788;49.97;3.900;205.8;14.99;
1-469;7.804;49.97;3.800;205.8;15.01;
1-470;7.821;49.97;3.900;205.8;15.03;
1-471;7.838;49.97;3.900;205.8;15.05;
1-472;7.854;49.97;3.900;205.8;15.07;
1-473;7.871;49.97;3.900;205.8;15.09;
1-474;7.888;49.97;3.900;205.8;15.11;
1-475;7.904;49.97;3.800;205.9;15.13;
1-476;7.921;49.97;3.800;205.9;15.15;
1-477;7.938;49.97;3.900;205.9;15.17;
1-478;7.954;49.97;3.900;205.9;15.19;
1-479;7.971;49.97;3.800;206.0;15.21;
1-480;7.988;49.97;3.900;206.0;15.23;
1-481;8.004;49.97;3.800;206.0;15.25;
1-482;8.021;49.97;3.900;206.0;15.27;
1-483;8.038;49.97;3.800;206.0;15.29;
1-484;8.054;49.97;3.900;206.0;15.31;
1-485;8.071;49.97;3.800;206.0;15.33;
1-486;8.088;49.97;3.900;206.0;15.35;
1-487;8.104;49.97;3.800;206.0;15.37;
1-488;8.121;49.97;3.800;206.0;15.39;
1-489;8.138;49.97;3.800;206.0;15.41;
1-490;8.154;49.97;3.900;206.0;15.43;
1-491;8.171;49.97;3.900;206.1;15.45;
1-492;8.188;49.97;3.800;206.1;15.47;
1-493;8.204;49.97;3.800;206.1;15.49;
1-494;8.221;49.97;3.800;206.1;15.51;
1-495;8.238;49.97;3.900;206.1;15.53;
1-496;8.254;49.97;3.800;206.1;15.55;
1-497;8.271;49.97;3.800;206.1;15.57;
1-498;8.288;49.97;3.900;206.2;15.59;
1-499;8.304;49.97;3.800;206.2;15.61;
1-500;8.321;49.97;3.900;206.2;15.63;
1-501;8.338;49.97;3.800;206.2;15.65;
1-502;8.354;49.97;3.900;206.2;15.67;
1-503;8.371;49.97;3.900;206.2;15.69;
1-504;8.388;49.97;3.900;206.2;15.71;
1-505;8.404;49.97;3.900;206.2;15.73;
1-506;8.421;49.97;3.900;206.3;15.75;
1-507;8.438;49.97;3.900;206.3;15.77;
1-508;8.455;49.97;3.900;206.3;15.80;
1-509;8.471;49.97;4.000;206.3;15.82;
1-510;8.488;49.97;3.900;206.3;15.84;
1-511;8.505;49.97;3.900;206.3;15.86;
1-512;8.521;49.97;3.900;206.3;15.88;
1-513;8.538;49.97;4.000;206.3;15.90;
1-514;8.555;49.97;3.900;206.4;15.92;
1-515;8.571;49.97;4.000;206.4;15.94;
1-516;8.588;49.97;4.000;206.4;15.96;
1-517;8.605;49.97;3.900;206.4;15.98;
1-518;8.621;49.97;3.900;206.4;16.00;
1-519;8.638;49.97;3.900;206.4;16.02;
1-520;8.655;49.97;4.000;206.4;16.04;
1-521;8.671;49.97;3.900;206.4;16.06;
1-522;8.688;49.97;3.900;206.4;16.08;
1-523;8.705;49.97;3.900;206.4;16.10;
1-524;8.721;49.97;3.900;206.5;16.12;
1-525;8.738;49.97;3.900;206.5;16.14;
1-526;8.755;49.97;3.900;206.5;16.17;
1-527;8.771;49.97;4.000;206.5;16.19;
1-528;8.788;49.97;3.900;206.5;16.21;
1-529;8.805;49.97;3.900;206.5;16.23;
1-530;8.821;49.97;3.900;206.5;16.25;
1-531;8.838;49.97;3.900;206.5;16.27;
1-532;8.855;49.97;3.900;206.5;16.29;
1-533;8.871;49.97;3.900;206.5;16.31;
1-534;8.888;49.97;3.900;206.6;16.33;
1-535;8.905;49.97;3.900;206.6;16.35;
1-536;8.921;49.97;3.900;206.6;16.37;
1-537;8.938;49.97;3.900;206.6;16.39;
1-538;8.955;49.97;4.000;206.6;16.41;
1-539;8.971;49.97;3.900;206.6;16.43;
1-540;8.988;49.97;3.900;206.6;16.45;
1-541;9.005;49.97;3.900;206.6;16.47;
1-542;9.021;49.97;3.900;206.6;16.49;
1-543;9.038;49.97;3.900;206.6;16.51;
1-544;9.055;49.97;3.900;206.7;16.53;
1-545;9.071;49.97;3.900;206.7;16.55;
1-546;9.088;49.97;3.900;206.7;16.57;
1-547;9.105;49.97;3.900;206.7;16.59;
1-548;9.121;49.97;3.900;206.7;16.62;
1-549;9.138;49.97;3.900;206.7;16.64;
1-550;9.155;49.97;3.900;206.7;16.66;
1-551;9.171;49.97;3.900;206.7;16.68;
1-552;9.188;49.97;3.900;206.7;16.70;
1-553;9.205;49.97;3.900;206.7;16.72;
1-554;9.221;49.97;3.900;206.8;16.74;
1-555;9.238;49.97;3.900;206.8;16.76;
1-556;9.255;49.97;4.000;206.8;16.78;
1-557;9.271;49.97;3.900;206.8;16.80;
1-558;9.288;49.97;3.900;206.8;16.82;
1-559;9.305;49.97;3.900;206.8;16.84;
1-560;9.321;49.97;3.900;206.8;16.86;
1-561;9.338;49.97;3.900;206.8;16.88;
1-562;9.355;49.97;3.900;206.8;16.90;
1-563;9.371;49.97;4.000;206.8;16.92;
1-564;9.388;49.97;3.900;206.8;16.94;
1-565;9.405;49.97;4.000;206.8;16.96;
1-566;9.421;49.97;3.900;206.8;16.98;
1-567;9.438;49.97;3.900;206.9;17.00;
1-568;9.455;49.97;3.900;206.9;17.03;
1-569;9.471;49.97;4.000;206.9;17.05;
1-570;9.488;49.97;4.000;206.9;17.07;
1-571;9.505;49.97;4.000;206.9;17.09;
1-572;9.521;49.97;4.000;206.9;17.11;
1-573;9.538;49.97;4.000;206.9;17.13;
1-574;9.555;49.97;4.100;206.9;17.15;
1-575;9.571;49.97;4.000;206.9;17.17;
1-576;9.588;49.97;4.000;207.0;17.19;
1-577;9.605;49.97;4.100;207.0;17.21;
1-578;9.621;49.97;4.000;207.0;17.24;
1-579;9.638;49.97;4.000;207.0;17.26;
1-580;9.655;49.97;4.000;207.0;17.28;
1-581;9.671;49.97;4.100;207.0;17.30;
1-582;9.688;49.97;4.000;207.0;17.32;
1-583;9.705;49.97;4.000;207.0;17.34;
1-584;9.721;49.97;4.000;207.0;17.36;
1-585;9.738;49.97;4.000;207.0;17.38;
1-586;9.755;49.97;4.000;207.0;17.40;
1-587;9.771;49.97;4.000;207.0;17.42;
1-588;9.788;49.97;4.000;207.0;17.45;
1-589;9.805;49.97;4.000;207.1;17.47;
1-590;9.821;49.97;4.000;207.1;17.49;
1-591;9.838;49.97;4.000;207.1;17.51;
1-592;9.855;49.97;4.000;207.1;17.53;
1-593;9.871;49.97;4.000;207.1;17.55;
1-594;9.888;49.97;4.000;207.1;17.57;
1-595;9.905;49.97;4.100;207.1;17.59;
1-596;9.921;49.97;4.000;207.1;17.61;
1-597;9.938;49.97;4.000;207.1;17.63;
1-598;9.955;49.97;4.000;207.1;17.65;
1-599;9.971;49.97;4.100;207.1;17.68;
1-600;9.988;49.97;4.000;207.1;17.70;
1-601;10.00;49.97;4.000;207.1;17.72;
1-602;10.02;49.97;4.000;207.2;17.74;
1-603;10.04;49.97;4.000;207.2;17.76;
1-604;10.05;49.97;4.000;207.2;17.78;
1-605;10.07;49.97;4.000;207.2;17.80;
1-606;10.09;49.97;4.100;207.2;17.82;
1-607;10.10;49.97;4.000;207.2;17.84;
1-608;10.12;49.97;4.000;207.2;17.87;
1-609;10.14;49.97;4.000;207.2;17.89;
1-610;10.15;49.97;4.100;207.2;17.91;
1-611;10.17;49.97;4.000;207.2;17.93;
1-612;10.19;49.97;4.000;207.2;17.95;
1-613;10.20;49.97;4.100;207.2;17.97;
1-614;10.22;49.97;4.000;207.2;17.99;
1-615;10.24;49.97;4.100;207.2;18.01;
1-616;10.25;49.97;4.100;207.2;18.03;
1-617;10.27;49.97;4.100;207.3;18.06;
1-618;10.29;49.97;4.100;207.3;18.08;
1-619;10.30;49.97;4.100;207.3;18.10;
1-620;10.32;49.97;4.100;207.3;18.12;
1-621;10.34;49.97;4.100;207.3;18.14;
1-622;10.35;49.97;4.100;207.3;18.16;
1-623;10.37;49.97;4.100;207.3;18.18;
1-624;10.39;49.97;4.100;207.3;18.21;
1-625;10.40;49.97;4.100;207.3;18.23;
1-626;10.42;49.97;4.100;207.3;18.25;
1-627;10.44;49.97;4.100;207.3;18.27;
1-628;10.45;49.97;4.100;207.3;18.29;
1-629;10.47;49.97;4.100;207.4;18.31;
1-630;10.49;49.97;4.100;207.4;18.33;
1-631;10.50;49.97;4.200;207.4;18.36;
1-632;10.52;49.97;4.100;207.4;18.38;
1-633;10.54;49.97;4.100;207.4;18.40;
1-634;10.55;49.97;4.100;207.4;18.42;
1-635;10.57;49.97;4.200;207.4;18.44;
1-636;10.59;49.97;4.100;207.4;18.46;
1-637;10.60;49.97;4.100;207.4;18.49;
1-638;10.62;49.97;4.100;207.4;18.51;
1-639;10.64;49.97;4.100;207.4;18.53;
1-640;10.65;49.97;4.100;207.4;18.55;
1-641;10.67;49.97;4.100;207.4;18.57;
1-642;10.69;49.97;4.100;207.4;18.59;
1-643;10.70;49.97;4.100;207.5;18.61;
1-644;10.72;49.97;4.100;207.5;18.64;
1-645;10.74;49.97;4.000;207.5;18.66;
1-646;10.75;49.97;4.100;207.5;18.68;
1-647;10.77;49.97;4.100;207.5;18.70;
1-648;10.79;49.97;4.100;207.5;18.72;
1-649;10.80;49.97;4.100;207.5;18.74;
1-650;10.82;49.97;4.100;207.5;18.76;
1-651;10.84;49.97;4.100;207.5;18.79;
1-652;10.85;49.97;4.100;207.6;18.81;
1-653;10.87;49.97;4.200;207.6;18.83;
1-654;10.89;49.97;4.200;207.6;18.85;
1-655;10.90;49.97;4.200;207.6;18.87;
1-656;10.92;49.97;4.200;207.6;18.90;
1-657;10.94;49.97;4.200;207.6;18.92;
1-658;10.95;49.97;4.200;207.6;18.94;
1-659;10.97;49.97;4.200;207.6;18.96;
1-660;10.99;49.97;4.200;207.6;18.98;
1-661;11.00;49.97;4.200;207.6;19.01;
1-662;11.02;49.97;4.200;207.6;19.03;
1-663;11.04;49.97;4.100;207.6;19.05;
1-664;11.05;49.97;4.200;207.6;19.07;
1-665;11.07;49.97;4.200;207.6;19.09;
1-666;11.09;49.97;4.200;207.6;19.11;
1-667;11.10;49.97;4.200;207.6;19.14;
1-668;11.12;49.97;4.200;207.6;19.16;
1-669;11.14;49.97;4.200;207.6;19.18;
1-670;11.15;49.97;4.200;207.7;19.20;
1-671;11.17;49.97;4.300;207.7;19.22;
1-672;11.19;49.97;4.200;207.7;19.25;
1-673;11.20;49.97;4.200;207.7;19.27;
1-674;11.22;49.97;4.400;207.7;19.29;
1-675;11.24;49.97;4.300;207.7;19.31;
1-676;11.25;49.97;4.300;207.7;19.34;
1-677;11.27;49.97;4.300;207.7;19.36;
1-678;11.29;49.97;4.400;207.7;19.38;
1-679;11.30;49.97;4.400;207.8;19.40;
1-680;11.32;49.97;4.300;207.8;19.43;
1-681;11.34;49.97;4.300;207.8;19.45;
1-682;11.35;49.97;4.200;207.8;19.47;
1-683;11.37;49.97;4.200;207.8;19.49;
1-684;11.39;49.97;4.200;207.8;19.52;
1-685;11.40;49.97;4.200;207.8;19.54;
1-686;11.42;49.97;4.200;207.8;19.56;
1-687;11.44;49.97;4.200;207.8;19.58;
1-688;11.45;49.97;4.200;207.8;19.60;
1-689;11.47;49.97;4.200;207.8;19.63;
1-690;11.49;49.97;4.200;207.8;19.65;
1-691;11.50;49.97;4.200;207.8;19.67;
1-692;11.52;49.97;4.300;207.8;19.69;
1-693;11.54;49.97;4.200;207.8;19.71;
1-694;11.55;49.97;4.200;207.8;19.74;
1-695;11.57;49.97;4.200;207.8;19.76;
1-696;11.59;49.97;4.300;207.8;19.78;
1-697;11.60;49.97;4.200;207.8;19.80;
1-698;11.62;49.97;4.200;207.8;19.83;
1-699;11.64;49.97;4.200;207.9;19.85;
1-700;11.65;49.97;4.200;207.9;19.87;
1-701;11.67;49.97;4.200;207.9;19.89;
1-702;11.69;49.97;4.300;207.9;19.91;
1-703;11.70;49.97;4.300;207.9;19.94;
1-704;11.72;49.97;4.200;207.9;19.96;
1-705;11.74;49.97;4.300;207.9;19.98;
1-706;11.75;49.97;4.200;207.9;20.00;
1-707;11.77;49.97;4.300;207.9;20.02;
1-708;11.79;49.97;4.300;207.9;20.05;
1-709;11.80;49.97;4.300;207.9;20.07;
1-710;11.82;49.97;4.300;207.9;20.09;
1-711;11.84;49.97;4.200;207.9;20.11;
1-712;11.85;49.97;4.300;207.9;20.14;
1-713;11.87;49.97;4.300;208.0;20.16;
1-714;11.89;49.97;4.400;208.0;20.18;
1-715;11.90;49.97;4.400;208.0;20.21;
1-716;11.92;49.97;4.400;208.0;20.23;
1-717;11.94;49.97;4.500;208.0;20.25;
1-718;11.95;49.97;4.400;208.0;20.27;
1-719;11.97;49.97;4.500;208.0;20.30;
1-720;11.99;49.97;4.400;208.0;20.32;
1-721;12.00;49.97;4.500;208.0;20.34;
1-722;12.02;49.97;4.500;208.0;20.37;
1-723;12.04;49.97;4.400;208.0;20.39;
1-724;12.05;49.97;4.400;208.0;20.41;
1-725;12.07;49.97;4.500;208.0;20.44;
1-726;12.09;49.97;4.400;208.0;20.46;
1-727;12.10;49.97;4.400;208.0;20.48;
1-728;12.12;49.97;4.400;208.0;20.51;
1-729;12.14;49.97;4.400;208.0;20.53;
1-730;12.15;49.97;4.400;208.1;20.55;
1-731;12.17;49.97;4.400;208.1;20.58;
1-732;12.19;49.97;4.500;208.1;20.60;
1-733;12.20;49.97;4.400;208.1;20.62;
1-734;12.22;49.97;4.400;208.1;20.65;
1-735;12.24;49.97;4.400;208.1;20.67;
1-736;12.25;49.97;4.400;208.1;20.69;
1-737;12.27;49.97;4.400;208.1;20.71;
1-738;12.29;49.97;4.400;208.1;20.74;
1-739;12.30;49.97;4.500;208.1;20.76;
1-740;12.32;49.97;4.400;208.1;20.78;
1-741;12.34;49.97;4.400;208.1;20.81;
1-742;12.35;49.97;4.400;208.1;20.83;
1-743;12.37;49.97;4.500;208.1;20.85;
1-744;12.39;49.97;4.500;208.1;20.88;
1-745;12.40;49.97;4.500;208.1;20.90;
1-746;12.42;49.97;4.500;208.2;20.92;
1-747;12.44;49.97;4.500;208.2;20.95;
1-748;12.45;49.97;4.500;208.2;20.97;
1-749;12.47;49.97;4.500;208.2;21.00;
1-750;12.49;49.97;4.600;208.2;21.02;
1-751;12.50;49.97;4.600;208.2;21.04;
1-752;12.52;49.97;4.600;208.2;21.07;
1-753;12.54;49.97;4.600;208.2;21.09;
1-754;12.55;49.97;4.600;208.2;21.12;
1-755;12.57;49.97;4.600;208.2;21.14;
1-756;12.59;49.97;4.600;208.2;21.16;
1-757;12.60;49.97;4.700;208.2;21.19;
1-758;12.62;49.97;4.600;208.2;21.21;
1-759;12.64;49.97;4.600;208.2;21.24;
1-760;12.65;49.97;4.600;208.2;21.26;
1-761;12.67;49.97;4.700;208.3;21.28;
1-762;12.69;49.97;4.600;208.3;21.31;
1-763;12.70;49.97;4.600;208.3;21.33;
1-764;12.72;49.97;4.700;208.3;21.36;
1-765;12.74;49.97;4.600;208.3;21.38;
1-766;12.75;49.97;4.600;208.3;21.41;
1-767;12.77;49.97;4.600;208.3;21.43;
1-768;12.79;49.97;4.700;208.3;21.45;
1-769;12.80;49.97;4.700;208.3;21.48;
1-770;12.82;49.97;4.600;208.3;21.50;
1-771;12.84;49.97;4.700;208.3;21.53;
1-772;12.85;49.97;4.600;208.3;21.55;
1-773;12.87;49.97;4.700;208.3;21.58;
1-774;12.89;49.97;4.700;208.3;21.60;
1-775;12.90;49.97;4.800;208.3;21.63;
1-776;12.92;49.97;4.700;208.3;21.65;
1-777;12.94;49.97;4.700;208.3;21.67;
1-778;12.95;49.97;4.700;208.3;21.70;
1-779;12.97;49.97;4.800;208.4;21.72;
1-780;12.99;49.97;4.800;208.4;21.75;
1-781;13.00;49.97;4.800;208.4;21.77;
1-782;13.02;49.97;4.800;208.4;21.80;
1-783;13.04;49.97;4.800;208.4;21.82;
1-784;13.05;49.97;4.800;208.4;21.85;
1-785;13.07;49.97;4.800;208.4;21.88;
1-786;13.09;49.97;4.900;208.4;21.90;
1-787;13.10;49.97;4.900;208.4;21.93;
1-788;13.12;49.97;4.900;208.4;21.95;
1-789;13.14;49.97;4.900;208.5;21.98;
1-790;13.15;49.97;4.900;208.5;22.00;
1-791;13.17;49.97;4.900;208.5;22.03;
1-792;13.19;49.97;4.900;208.5;22.05;
1-793;13.20;49.97;5.000;208.5;22.08;
1-794;13.22;49.97;5.000;208.5;22.11;
1-795;13.24;49.97;5.000;208.5;22.13;
1-796;13.25;49.97;4.900;208.5;22.16;
1-797;13.27;49.97;5.000;208.5;22.18;
1-798;13.29;49.97;5.000;208.5;22.21;
1-799;13.30;49.97;5.000;208.5;22.24;
1-800;13.32;49.97;5.000;208.5;22.26;
1-801;13.34;49.97;5.000;208.5;22.29;
1-802;13.35;49.97;5.000;208.5;22.32;
1-803;13.37;49.97;5.100;208.6;22.34;
1-804;13.39;49.97;5.100;208.6;22.37;
1-805;13.40;49.97;5.100;208.6;22.39;
1-806;13.42;49.97;5.100;208.6;22.42;
1-807;13.44;49.97;5.200;208.6;22.45;
1-808;13.45;49.97;5.100;208.6;22.48;
1-809;13.47;49.97;5.100;208.6;22.50;
1-810;13.49;49.97;5.200;208.6;22.53;
1-811;13.50;49.97;5.300;208.6;22.56;
1-812;13.52;49.97;5.200;208.6;22.58;
1-813;13.54;49.97;5.300;208.6;22.61;
1-814;13.55;49.97;5.300;208.6;22.64;
1-815;13.57;49.97;5.300;208.7;22.67;
1-816;13.59;49.97;5.400;208.7;22.70;
1-817;13.60;49.97;5.400;208.7;22.72;
1-818;13.62;49.97;5.400;208.7;22.75;
1-819;13.64;49.97;5.400;208.7;22.78;
1-820;13.65;49.97;5.300;208.7;22.81;
1-821;13.67;49.97;5.300;208.7;22.84;
1-822;13.69;49.97;5.400;208.7;22.86;
1-823;13.70;49.97;5.400;208.7;22.89;
1-824;13.72;49.97;5.400;208.7;22.92;
1-825;13.74;49.97;5.500;208.8;22.95;
1-826;13.75;49.97;5.400;208.8;22.98;
1-827;13.77;49.97;5.400;208.8;23.01;
1-828;13.79;49.97;5.400;208.8;23.03;
1-829;13.80;49.97;5.500;208.8;23.06;
1-830;13.82;49.97;5.500;208.8;23.09;
1-831;13.84;49.97;5.500;208.8;23.12;
1-832;13.85;49.97;5.500;208.8;23.15;
1-833;13.87;49.97;5.500;208.8;23.18;
1-834;13.89;49.97;5.600;208.8;23.21;
1-835;13.90;49.97;5.600;208.9;23.24;
1-836;13.92;49.97;5.600;208.9;23.27;
1-837;13.94;49.97;5.600;208.9;23.29;
1-838;13.95;49.97;5.600;208.9;23.32;
1-839;13.97;49.97;5.600;208.9;23.35;
1-840;13.99;49.97;5.700;208.9;23.38;
1-841;14.00;49.97;5.700;208.9;23.41;
1-842;14.02;49.97;5.700;208.9;23.44;
1-843;14.04;49.97;5.800;209.0;23.47;
1-844;14.05;49.97;5.700;209.0;23.50;
1-845;14.07;49.97;5.700;209.0;23.53;
1-846;14.09;49.97;5.800;209.0;23.56;
1-847;14.10;49.97;5.800;209.0;23.59;
1-848;14.12;49.97;5.800;209.0;23.62;
1-849;14.14;49.97;5.800;209.0;23.65;
1-850;14.15;49.97;5.900;209.0;23.68;
1-851;14.17;49.97;5.800;209.0;23.71;
1-852;14.19;49.97;6.000;209.1;23.75;
1-853;14.20;49.97;6.000;209.0;23.78;
1-854;14.22;49.97;6.000;209.1;23.81;
1-855;14.24;49.97;6.000;209.1;23.84;
1-856;14.25;49.97;6.100;209.1;23.87;
1-857;14.27;49.97;6.000;209.1;23.90;
1-858;14.29;49.97;6.100;209.1;23.93;
1-859;14.30;49.97;6.100;209.2;23.97;
1-860;14.32;49.97;6.100;209.2;24.00;
1-861;14.34;49.97;6.100;209.2;24.03;
1-862;14.35;49.97;6.100;209.2;24.06;
1-863;14.37;49.97;6.100;209.2;24.09;
1-864;14.39;49.97;6.200;209.2;24.13;
1-865;14.40;49.97;6.200;209.2;24.16;
1-866;14.42;49.97;6.200;209.2;24.19;
1-867;14.44;49.97;6.200;209.2;24.22;
1-868;14.45;49.97;6.200;209.2;24.26;
1-869;14.47;49.97;6.200;209.2;24.29;
1-870;14.49;49.97;6.300;209.2;24.32;
1-871;14.50;49.97;6.300;209.2;24.35;
1-872;14.52;49.97;6.300;209.2;24.39;
1-873;14.54;49.97;6.300;209.2;24.42;
1-874;14.55;49.97;6.400;209.3;24.45;
1-875;14.57;49.97;6.300;209.3;24.49;
1-876;14.59;49.97;6.400;209.3;24.52;
1-877;14.60;49.97;6.400;209.3;24.55;
1-878;14.62;49.97;6.400;209.3;24.59;
1-879;14.64;49.97;6.400;209.3;24.62;
1-880;14.65;49.97;6.400;209.3;24.65;
1-881;14.67;49.97;6.400;209.4;24.69;
1-882;14.69;49.97;6.500;209.4;24.72;
1-883;14.70;49.97;6.500;209.4;24.76;
1-884;14.72;49.97;6.600;209.4;24.79;
1-885;14.74;49.97;6.500;209.4;24.82;
1-886;14.75;49.97;6.600;209.4;24.86;
1-887;14.77;49.97;6.500;209.4;24.89;
1-888;14.79;49.97;6.600;209.4;24.93;
1-889;14.80;49.97;6.600;209.4;24.96;
1-890;14.82;49.97;6.800;209.4;25.00;
1-891;14.84;49.97;6.700;209.4;25.03;
1-892;14.85;49.97;6.700;209.5;25.07;
1-893;14.87;49.97;6.700;209.5;25.10;
1-894;14.89;49.97;6.700;209.5;25.14;
1-895;14.90;49.97;6.800;209.5;25.17;
1-896;14.92;49.97;6.800;209.5;25.21;
1-897;14.94;49.97;6.800;209.6;25.24;
1-898;14.95;49.97;6.800;209.6;25.28;
1-899;14.97;49.97;6.800;209.6;25.31;
1-900;14.99;49.97;6.900;209.6;25.35;
1-901;15.00;49.97;7.000;209.6;25.39;
1-902;15.02;49.97;7.000;209.6;25.42;
1-903;15.04;49.97;6.900;209.7;25.46;
1-904;15.05;49.97;7.100;209.7;25.50;
1-905;15.07;49.97;6.900;209.7;25.53;
1-906;15.09;49.97;7.000;209.8;25.57;
1-907;15.10;49.97;7.100;209.7;25.61;
1-908;15.12;49.97;7.200;209.8;25.64;
1-909;15.14;49.97;7.000;209.8;25.68;
1-910;15.15;49.97;7.200;209.8;25.72;
1-911;15.17;49.97;7.100;209.8;25.76;
1-912;15.19;49.97;7.200;209.8;25.79;
1-913;15.20;49.97;7.200;209.8;25.83;
1-914;15.22;49.97;7.300;209.8;25.87;
1-915;15.24;49.97;7.300;209.8;25.91;
1-916;15.25;49.97;7.300;209.9;25.94;
1-917;15.27;49.97;7.300;209.9;25.98;
1-918;15.29;49.97;7.300;209.9;26.02;
1-919;15.30;49.97;7.500;209.9;26.06;
1-920;15.32;49.97;7.500;209.9;26.10;
1-921;15.34;49.97;7.400;210.0;26.14;
1-922;15.35;49.97;7.600;210.0;26.18;
1-923;15.37;49.97;7.400;210.0;26.22;
1-924;15.39;49.97;7.600;210.0;26.26;
1-925;15.40;49.97;7.600;210.0;26.30;
1-926;15.42;49.97;7.800;210.0;26.34;
1-927;15.44;49.97;7.600;210.1;26.38;
1-928;15.45;49.97;7.700;210.1;26.42;
1-929;15.47;49.97;7.700;210.1;26.46;
1-930;15.49;49.97;7.800;210.1;26.50;
1-931;15.50;49.97;7.900;210.1;26.54;
1-932;15.52;49.97;7.900;210.2;26.58;
1-933;15.54;49.97;7.900;210.2;26.62;
1-934;15.55;49.97;7.900;210.2;26.66;
1-935;15.57;49.97;8.000;210.2;26.70;
1-936;15.59;49.97;8.000;210.3;26.75;
1-937;15.60;49.97;8.100;210.3;26.79;
1-938;15.62;49.97;8.200;210.3;26.83;
1-939;15.64;49.97;8.100;210.3;26.87;
1-940;15.65;49.97;8.300;210.3;26.92;
1-941;15.67;49.97;8.200;210.4;26.96;
1-942;15.69;49.97;8.300;210.4;27.00;
1-943;15.70;49.97;8.300;210.4;27.05;
1-944;15.72;49.97;8.500;210.4;27.09;
1-945;15.74;49.97;8.400;210.5;27.13;
1-946;15.75;49.97;8.500;210.5;27.18;
1-947;15.77;49.97;8.500;210.5;27.22;
1-948;15.79;49.97;8.500;210.5;27.27;
1-949;15.80;49.97;8.700;210.5;27.31;
1-950;15.82;49.97;8.700;210.6;27.36;
1-951;15.84;49.97;8.800;210.6;27.40;
1-952;15.85;49.97;8.800;210.6;27.45;
1-953;15.87;49.97;8.800;210.6;27.50;
1-954;15.89;49.97;8.800;210.6;27.54;
1-955;15.90;49.97;9.100;210.7;27.59;
1-956;15.92;49.97;9.000;210.7;27.64;
1-957;15.94;49.97;8.900;210.8;27.68;
1-958;15.95;49.97;9.100;210.8;27.73;
1-959;15.97;49.97;9.000;210.8;27.78;
1-960;15.99;49.97;9.100;210.8;27.82;
1-961;16.00;49.97;9.200;210.8;27.87;
1-962;16.02;49.97;9.500;210.9;27.92;
1-963;16.04;49.97;9.300;210.9;27.97;
1-964;16.05;49.97;9.400;210.9;28.02;
1-965;16.07;49.97;9.500;211.0;28.07;
1-966;16.09;49.97;9.400;211.0;28.12;
1-967;16.10;49.97;9.600;211.0;28.17;
1-968;16.12;49.97;9.500;211.1;28.22;
1-969;16.14;49.97;9.800;211.1;28.27;
1-970;16.15;49.97;9.700;211.1;28.32;
1-971;16.17;49.97;9.700;211.2;28.37;
1-972;16.19;49.97;9.800;211.2;28.42;
1-973;16.20;49.97;10.00;211.2;28.47;
1-974;16.22;49.97;10.20;211.2;28.53;
1-975;16.24;49.97;10.00;211.3;28.58;
1-976;16.25;49.97;10.40;211.3;28.63;
1-977;16.27;49.97;10.20;211.4;28.69;
1-978;16.29;49.97;10.40;211.4;28.74;
1-979;16.30;49.97;10.40;211.4;28.79;
1-980;16.32;49.97;10.80;211.5;28.85;
1-981;16.34;49.97;10.60;211.6;28.91;
1-982;16.35;49.97;10.60;211.6;28.96;
1-983;16.37;49.97;10.70;211.6;29.02;
1-984;16.39;49.97;10.70;211.6;29.07;
1-985;16.40;49.97;10.90;211.7;29.13;
1-986;16.42;49.97;10.90;211.7;29.19;
1-987;16.44;49.97;11.10;211.8;29.24;
1-988;16.45;49.97;10.90;211.8;29.30;
1-989;16.47;49.97;11.10;211.9;29.36;
1-990;16.49;49.97;10.80;211.9;29.42;
1-991;16.50;49.97;11.20;212.0;29.47;
1-992;16.52;49.97;11.10;212.1;29.53;
1-993;16.54;49.97;11.30;212.2;29.59;
1-994;16.55;49.97;11.20;212.2;29.65;
1-995;16.57;49.97;11.30;212.3;29.71;
1-996;16.59;49.97;11.40;212.3;29.77;
1-997;16.60;49.97;11.40;212.4;29.83;
1-998;16.62;49.97;11.80;212.4;29.89;
1-999;16.64;49.97;11.50;212.5;29.95;
1-1000;16.65;49.97;11.50;212.5;30.01;
1-1001;16.67;49.97;11.70;212.6;30.07;
1-1002;16.69;49.97;11.60;212.7;30.13;
1-1003;16.70;49.97;12.00;212.7;30.19;
1-1004;16.72;49.97;11.80;212.8;30.26;
1-1005;16.74;49.97;12.20;212.8;30.32;
1-1006;16.75;49.97;11.80;212.9;30.38;
1-1007;16.77;49.97;12.30;212.9;30.44;
1-1008;16.79;49.97;12.00;213.0;30.51;
1-1009;16.80;49.97;12.50;213.0;30.57;
1-1010;16.82;49.97;12.50;213.0;30.64;
1-1011;16.84;49.97;12.40;213.0;30.70;
1-1012;16.85;49.97;12.50;213.2;30.77;
1-1013;16.87;49.97;12.50;213.2;30.83;
1-1014;16.89;49.97;12.70;213.2;30.90;
1-1015;16.90;49.97;12.70;213.3;30.97;
1-1016;16.92;49.97;13.00;213.3;31.03;
1-1017;16.94;49.97;13.00;213.3;31.10;
1-1018;16.95;49.97;13.00;213.4;31.17;
1-1019;16.97;49.97;13.20;213.4;31.24;
1-1020;16.99;49.97;13.00;213.5;31.31;
1-1021;17.00;49.97;13.30;213.5;31.37;
1-1022;17.02;49.97;13.20;213.6;31.44;
1-1023;17.04;49.97;13.50;213.7;31.51;
1-1024;17.05;49.97;13.10;213.7;31.58;
1-1025;17.07;49.97;13.60;213.7;31.65;
1-1026;17.09;49.97;13.40;213.8;31.72;
1-1027;17.10;49.97;13.70;213.9;31.80;
1-1028;17.12;49.97;13.70;213.9;31.87;
1-1029;17.14;49.97;13.80;213.9;31.94;
1-1030;17.15;49.97;13.80;214.0;32.01;
1-1031;17.17;49.97;13.70;214.0;32.08;
1-1032;17.19;49.97;14.00;214.1;32.16;
1-1033;17.20;49.97;13.80;214.1;32.23;
1-1034;17.22;49.97;14.30;214.2;32.30;
1-1035;17.24;49.97;14.40;214.3;32.38;
1-1036;17.25;49.97;13.90;214.4;32.45;
1-1037;17.27;49.97;14.30;214.4;32.52;
1-1038;17.29;49.97;14.40;214.5;32.60;
1-1039;17.30;49.97;14.40;214.6;32.67;
1-1040;17.32;49.97;14.60;214.6;32.75;
1-1041;17.34;49.97;14.70;214.7;32.83;
1-1042;17.35;49.97;14.00;214.8;32.90;
1-1043;17.37;49.97;14.80;214.8;32.98;
1-1044;17.39;49.97;14.60;214.9;33.05;
1-1045;17.40;49.97;14.80;215.0;33.13;
1-1046;17.42;49.97;14.90;215.0;33.21;
1-1047;17.44;49.97;14.90;215.1;33.29;
1-1048;17.45;49.97;14.90;215.1;33.37;
1-1049;17.47;49.97;14.60;215.1;33.44;
1-1050;17.49;49.97;14.80;215.2;33.52;
1-1051;17.50;49.97;15.00;215.2;33.60;
1-1052;17.52;49.97;15.30;215.2;33.68;
1-1053;17.54;49.97;14.80;215.2;33.76;
1-1054;17.55;49.97;14.90;215.3;33.83;
1-1055;17.57;49.97;15.30;215.3;33.91;
1-1056;17.59;49.97;15.30;215.4;33.99;
1-1057;17.60;49.97;15.30;215.4;34.07;
1-1058;17.62;49.97;15.60;215.4;34.15;
1-1059;17.64;49.97;15.40;215.5;34.23;
1-1060;17.65;49.97;15.00;215.5;34.31;
1-1061;17.67;49.97;15.40;215.6;34.39;
1-1062;17.69;49.97;15.30;215.6;34.47;
1-1063;17.70;49.97;15.80;215.6;34.56;
1-1064;17.72;49.97;15.30;215.7;34.64;
1-1065;17.74;49.97;15.60;215.7;34.72;
1-1066;17.75;49.97;15.30;215.8;34.80;
1-1067;17.77;49.97;15.30;215.8;34.88;
1-1068;17.79;49.97;15.80;215.8;34.96;
1-1069;17.80;49.97;15.40;215.9;35.04;
1-1070;17.82;49.97;16.10;215.9;35.12;
1-1071;17.84;49.97;16.00;215.9;35.21;
1-1072;17.85;49.97;15.50;216.0;35.29;
1-1073;17.87;49.97;15.50;216.0;35.37;
1-1074;17.89;49.97;15.60;216.0;35.45;
1-1075;17.90;49.97;15.90;216.0;35.54;
1-1076;17.92;49.97;15.90;216.1;35.62;
1-1077;17.94;49.97;16.00;216.1;35.70;
1-1078;17.95;49.97;15.30;216.2;35.78;
1-1079;17.97;49.97;15.90;216.2;35.87;
1-1080;17.99;49.97;15.80;216.2;35.95;
1-1081;18.00;49.97;16.20;216.3;36.03;
1-1082;18.02;49.97;15.90;216.3;36.12;
1-1083;18.04;49.97;16.20;216.3;36.20;
1-1084;18.05;49.97;15.90;216.4;36.28;
1-1085;18.07;49.97;16.00;216.4;36.37;
1-1086;18.09;49.97;16.20;216.4;36.45;
1-1087;18.10;49.97;15.50;216.5;36.53;
1-1088;18.12;49.97;16.20;216.5;36.62;
1-1089;18.14;49.97;16.50;216.5;36.70;
1-1090;18.15;49.97;15.90;216.6;36.79;
1-1091;18.17;49.97;16.10;216.6;36.87;
1-1092;18.19;49.97;16.30;216.7;36.96;
1-1093;18.20;49.97;16.00;216.7;37.04;
1-1094;18.22;49.97;16.00;216.7;37.12;
1-1095;18.24;49.97;16.20;216.7;37.21;
1-1096;18.25;49.97;16.30;216.8;37.29;
1-1097;18.27;49.97;15.80;216.8;37.38;
1-1098;18.29;49.97;15.90;216.8;37.46;
1-1099;18.30;49.97;16.00;216.8;37.54;
1-1100;18.32;49.97;16.70;216.8;37.63;
1-1101;18.34;49.97;16.30;216.8;37.72;
1-1102;18.35;49.97;16.40;216.9;37.80;
1-1103;18.37;49.97;15.50;217.0;37.89;
1-1104;18.39;49.97;16.20;217.0;37.97;
1-1105;18.40;49.97;16.30;217.0;38.05;
1-1106;18.42;49.97;16.50;217.0;38.14;
1-1107;18.44;49.97;16.40;217.0;38.23;
1-1108;18.45;49.97;15.90;217.1;38.31;
1-1109;18.47;49.97;15.60;217.1;38.39;
1-1110;18.49;49.97;15.90;217.2;38.47;
1-1111;18.50;49.97;16.10;217.2;38.56;
1-1112;18.52;49.97;16.20;217.3;38.64;
1-1113;18.54;49.97;16.20;217.3;38.73;
1-1114;18.55;49.97;16.30;217.4;38.81;
1-1115;18.57;49.97;16.00;217.4;38.90;
1-1116;18.59;49.97;16.10;217.4;38.98;
1-1117;18.60;49.97;16.30;217.4;39.07;
1-1118;18.62;49.97;16.20;217.4;39.15;
1-1119;18.64;49.97;16.40;217.5;39.24;
1-1120;18.65;49.97;16.30;217.5;39.32;
1-1121;18.67;49.97;15.40;217.5;39.41;
1-1122;18.69;49.97;15.90;217.5;39.49;
1-1123;18.70;49.97;16.30;217.6;39.57;
1-1124;18.72;49.97;16.10;217.6;39.66;
1-1125;18.74;49.97;16.10;217.6;39.74;
1-1126;18.75;49.97;16.20;217.6;39.82;
1-1127;18.77;49.97;15.70;217.7;39.91;
1-1128;18.79;49.97;15.90;217.7;39.99;
1-1129;18.80;49.97;15.60;217.7;40.07;
1-1130;18.82;49.97;15.70;217.7;40.16;
1-1131;18.84;49.97;15.70;217.7;40.24;
1-1132;18.85;49.97;15.60;217.8;40.32;
1-1133;18.87;49.97;15.60;217.8;40.40;
1-1134;18.89;49.97;15.50;217.8;40.48;
1-1135;18.90;49.97;15.30;217.8;40.56;
1-1136;18.92;49.97;15.50;217.8;40.64;
1-1137;18.94;49.97;15.50;217.8;40.72;
1-1138;18.95;49.97;15.70;217.8;40.81;
1-1139;18.97;49.97;15.00;217.9;40.89;
1-1140;18.99;49.97;15.20;217.9;40.97;
1-1141;19.00;49.97;15.10;217.9;41.04;
1-1142;19.02;49.97;15.50;217.9;41.12;
1-1143;19.04;49.97;15.30;217.9;41.21;
1-1144;19.05;49.97;15.20;218.0;41.29;
1-1145;19.07;49.97;15.30;218.0;41.37;
1-1146;19.09;49.97;15.10;218.0;41.44;
1-1147;19.10;49.97;15.20;217.9;41.52;
1-1148;19.12;49.97;15.50;217.9;41.60;
1-1149;19.14;49.97;15.70;217.9;41.69;
1-1150;19.15;49.97;15.00;217.9;41.77;
1-1151;19.17;49.97;14.60;218.0;41.84;
1-1152;19.19;49.97;14.30;218.0;41.92;
1-1153;19.20;49.97;14.60;218.0;42.00;
1-1154;19.22;49.97;15.00;217.9;42.07;
1-1155;19.24;49.97;14.90;217.9;42.15;
1-1156;19.25;49.97;15.10;217.9;42.23;
1-1157;19.27;49.97;14.20;218.0;42.31;
1-1158;19.29;49.97;14.30;218.0;42.38;
1-1159;19.30;49.97;14.10;218.0;42.45;
1-1160;19.32;49.97;14.30;218.0;42.53;
1-1161;19.34;49.97;13.80;218.0;42.60;
1-1162;19.35;49.97;14.50;218.0;42.68;
1-1163;19.37;49.97;14.70;217.9;42.75;
1-1164;19.39;49.97;14.10;217.9;42.83;
1-1165;19.40;49.97;14.10;217.9;42.90;
1-1166;19.42;49.97;14.00;217.9;42.98;
1-1167;19.44;49.97;14.00;217.9;43.05;
1-1168;19.45;49.97;14.00;217.9;43.12;
1-1169;19.47;49.97;13.60;217.9;43.19;
1-1170;19.49;49.97;13.80;217.9;43.27;
1-1171;19.50;49.97;13.60;217.9;43.34;
1-1172;19.52;49.97;13.40;217.9;43.41;
1-1173;19.54;49.97;13.50;217.9;43.48;
1-1174;19.55;49.97;13.60;217.9;43.55;
1-1175;19.57;49.97;13.20;217.9;43.62;
1-1176;19.59;49.97;13.30;217.9;43.69;
1-1177;19.60;49.97;13.40;217.9;43.76;
1-1178;19.62;49.97;13.40;217.9;43.83;
1-1179;19.64;49.97;13.50;217.9;43.90;
1-1180;19.65;49.97;13.40;217.8;43.97;
1-1181;19.67;49.97;13.40;217.8;44.04;
1-1182;19.69;49.97;12.80;217.8;44.11;
1-1183;19.70;49.97;12.80;217.8;44.18;
1-1184;19.72;49.97;12.70;217.8;44.24;
1-1185;19.74;49.97;12.80;217.7;44.31;
1-1186;19.75;49.97;12.50;217.7;44.38;
1-1187;19.77;49.97;12.20;217.7;44.44;
1-1188;19.79;49.97;12.40;217.7;44.50;
1-1189;19.80;49.97;12.40;217.7;44.57;
1-1190;19.82;49.97;12.20;217.7;44.63;
1-1191;19.84;49.97;12.80;217.7;44.70;
1-1192;19.85;49.97;12.40;217.7;44.76;
1-1193;19.87;49.97;12.30;217.7;44.83;
1-1194;19.89;49.97;12.40;217.7;44.89;
1-1195;19.90;49.97;12.30;217.7;44.96;
1-1196;19.92;49.97;12.20;217.7;45.02;
1-1197;19.94;49.97;12.20;217.7;45.09;
1-1198;19.95;49.97;12.30;217.7;45.15;
1-1199;19.97;49.97;12.00;217.7;45.21;
1-1200;19.99;49.97;11.60;217.7;45.28;
1-1201;20.00;49.97;11.90;217.7;45.34;
1-1202;20.02;49.97;12.20;217.6;45.40;
1-1203;20.04;49.97;11.90;217.6;45.46;
1-1204;20.05;49.97;11.80;217.6;45.53;
1-1205;20.07;49.97;11.40;217.6;45.59;
1-1206;20.09;49.97;11.40;217.6;45.65;
1-1207;20.10;49.97;11.50;217.6;45.71;
1-1208;20.12;49.97;11.30;217.6;45.77;
1-1209;20.14;49.97;11.30;217.5;45.83;
1-1210;20.15;49.97;11.20;217.5;45.88;
1-1211;20.17;49.97;11.10;217.5;45.94;
1-1212;20.19;49.97;10.80;217.4;46.00;
1-1213;20.20;49.97;11.10;217.4;46.06;
1-1214;20.22;49.97;10.90;217.4;46.11;
1-1215;20.24;49.97;10.80;217.4;46.17;
1-1216;20.25;49.97;10.80;217.4;46.23;
1-1217;20.27;49.97;10.80;217.3;46.28;
1-1218;20.29;49.97;10.50;217.3;46.34;
1-1219;20.30;49.97;10.20;217.3;46.39;
1-1220;20.32;49.97;10.10;217.2;46.45;
1-1221;20.34;49.97;10.60;217.2;46.50;
1-1222;20.35;49.97;10.40;217.2;46.56;
1-1223;20.37;49.97;10.10;217.1;46.61;
1-1224;20.39;49.97;10.10;217.1;46.66;
1-1225;20.40;49.97;10.00;217.1;46.72;
1-1226;20.42;49.97;10.00;217.1;46.77;
1-1227;20.44;49.97;10.00;217.0;46.82;
1-1228;20.45;49.97;9.800;217.0;46.87;
1-1229;20.47;49.97;9.600;217.0;46.92;
1-1230;20.49;49.97;9.700;217.0;46.97;
1-1231;20.50;49.97;9.600;216.9;47.02;
1-1232;20.52;49.97;9.700;216.8;47.07;
1-1233;20.54;49.97;9.400;216.8;47.12;
1-1234;20.55;49.97;9.600;216.8;47.17;
1-1235;20.57;49.97;9.500;216.7;47.22;
1-1236;20.59;49.97;9.000;216.7;47.27;
1-1237;20.60;49.97;9.700;216.6;47.32;
1-1238;20.62;49.97;9.500;216.6;47.37;
1-1239;20.64;49.97;9.600;216.6;47.42;
1-1240;20.65;49.97;9.100;216.6;47.47;
1-1241;20.67;49.97;8.900;216.5;47.52;
1-1242;20.69;49.97;8.900;216.5;47.56;
1-1243;20.70;49.97;8.700;216.4;47.61;
1-1244;20.72;49.97;8.900;216.4;47.66;
1-1245;20.74;49.97;9.200;216.4;47.70;
1-1246;20.75;49.97;8.800;216.3;47.75;
1-1247;20.77;49.97;8.600;216.3;47.80;
1-1248;20.79;49.97;8.800;216.3;47.84;
1-1249;20.80;49.97;8.800;216.3;47.89;
1-1250;20.82;49.97;8.700;216.2;47.93;
1-1251;20.84;49.97;8.600;216.2;47.98;
1-1252;20.85;49.97;8.600;216.2;48.02;
1-1253;20.87;49.97;8.800;216.1;48.07;
1-1254;20.89;49.97;8.500;216.1;48.11;
1-1255;20.90;49.97;8.600;216.1;48.16;
1-1256;20.92;49.97;8.500;216.0;48.20;
1-1257;20.94;49.97;8.700;216.0;48.25;
1-1258;20.95;49.97;8.500;216.0;48.29;
1-1259;20.97;49.97;8.900;215.9;48.34;
1-1260;20.99;49.97;8.500;215.9;48.39;
1-1261;21.00;49.97;8.100;215.8;48.43;
1-1262;21.02;49.97;8.400;215.8;48.47;
1-1263;21.04;49.97;8.300;215.8;48.52;
1-1264;21.05;49.97;8.300;215.8;48.56;
1-1265;21.07;49.97;8.400;215.7;48.60;
1-1266;21.09;49.97;8.100;215.7;48.65;
1-1267;21.10;49.97;8.300;215.7;48.69;
1-1268;21.12;49.97;8.200;215.6;48.73;
1-1269;21.14;49.97;8.200;215.6;48.77;
1-1270;21.15;49.97;8.000;215.6;48.82;
1-1271;21.17;49.97;8.200;215.6;48.86;
1-1272;21.19;49.97;8.200;215.5;48.90;
1-1273;21.20;49.97;8.400;215.5;48.95;
1-1274;21.22;49.97;8.100;215.5;48.99;
1-1275;21.24;49.97;8.100;215.4;49.03;
1-1276;21.25;49.97;7.800;215.4;49.07;
1-1277;21.27;49.97;8.100;215.4;49.11;
1-1278;21.29;49.97;7.700;215.4;49.16;
1-1279;21.30;49.97;7.900;215.4;49.20;
1-1280;21.32;49.97;7.900;215.3;49.24;
1-1281;21.34;49.97;8.000;215.3;49.28;
1-1282;21.35;49.97;8.000;215.3;49.32;
1-1283;21.37;49.97;7.900;215.2;49.36;
1-1284;21.39;49.97;7.800;215.2;49.40;
1-1285;21.40;49.97;7.900;215.2;49.45;
1-1286;21.42;49.97;8.000;215.2;49.49;
1-1287;21.44;49.97;7.800;215.1;49.53;
1-1288;21.45;49.97;7.900;215.1;49.57;
1-1289;21.47;49.97;8.000;215.1;49.61;
1-1290;21.49;49.97;7.800;215.1;49.65;
1-1291;21.50;49.97;7.900;215.0;49.69;
1-1292;21.52;49.97;7.600;215.0;49.73;
1-1293;21.54;49.97;7.700;215.0;49.77;
1-1294;21.55;49.97;7.800;215.0;49.81;
1-1295;21.57;49.97;7.700;214.9;49.86;
1-1296;21.59;49.97;7.700;214.9;49.90;
1-1297;21.60;49.97;7.400;214.9;49.94;
1-1298;21.62;49.97;7.600;214.8;49.97;
1-1299;21.64;49.97;7.500;214.8;50.01;
1-1300;21.65;49.97;7.800;214.8;50.05;
1-1301;21.67;49.97;7.900;214.7;50.09;
1-1302;21.69;49.97;7.800;214.7;50.14;
1-1303;21.70;49.97;7.800;214.7;50.18;
1-1304;21.72;49.97;7.800;214.7;50.22;
1-1305;21.74;49.97;7.900;214.6;50.26;
1-1306;21.75;49.97;7.800;214.7;50.30;
1-1307;21.77;49.97;7.900;214.6;50.34;
1-1308;21.79;49.97;7.600;214.6;50.38;
1-1309;21.80;49.97;7.700;214.6;50.42;
1-1310;21.82;49.97;7.600;214.6;50.46;
1-1311;21.84;49.97;7.700;214.6;50.50;
1-1312;21.85;49.97;7.700;214.6;50.54;
1-1313;21.87;49.97;7.700;214.5;50.58;
1-1314;21.89;49.97;7.600;214.5;50.62;
1-1315;21.90;49.97;7.700;214.5;50.66;
1-1316;21.92;49.97;8.000;214.5;50.70;
1-1317;21.94;49.97;7.900;214.5;50.74;
1-1318;21.95;49.97;8.200;214.5;50.79;
1-1319;21.97;49.97;8.200;214.5;50.83;
1-1320;21.99;49.97;7.500;214.5;50.87;
1-1321;22.00;49.97;7.600;214.5;50.91;
1-1322;22.02;49.97;7.900;214.5;50.95;
1-1323;22.04;49.97;8.000;214.5;50.99;
1-1324;22.05;49.97;7.700;214.5;51.03;
1-1325;22.07;49.97;7.800;214.5;51.07;
1-1326;22.09;49.97;7.900;214.5;51.12;
1-1327;22.10;49.97;7.900;214.5;51.16;
1-1328;22.12;49.97;7.600;214.4;51.20;
1-1329;22.14;49.97;7.600;214.4;51.24;
1-1330;22.15;49.97;7.400;214.4;51.28;
1-1331;22.17;49.97;7.400;214.3;51.32;
1-1332;22.19;49.97;7.600;214.3;51.35;
1-1333;22.20;49.97;7.400;214.3;51.39;
1-1334;22.22;49.97;7.500;214.3;51.43;
1-1335;22.24;49.97;7.500;214.3;51.47;
1-1336;22.25;49.97;7.500;214.3;51.51;
1-1337;22.27;49.97;7.500;214.2;51.55;
1-1338;22.29;49.97;7.500;214.2;51.59;
1-1339;22.30;49.97;7.300;214.2;51.63;
1-1340;22.32;49.97;7.300;214.2;51.67;
1-1341;22.34;49.97;7.400;214.2;51.70;
1-1342;22.35;49.97;7.700;214.2;51.74;
1-1343;22.37;49.97;7.500;214.2;51.78;
1-1344;22.39;49.97;7.400;214.1;51.82;
1-1345;22.40;49.97;7.300;214.1;51.86;
1-1346;22.42;49.97;7.400;214.1;51.90;
1-1347;22.44;49.97;7.400;214.1;51.94;
1-1348;22.45;49.97;7.400;214.1;51.98;
1-1349;22.47;49.97;7.400;214.1;52.02;
1-1350;22.49;49.97;7.600;214.0;52.06;
1-1351;22.50;49.97;7.300;214.0;52.09;
1-1352;22.52;49.97;7.400;214.0;52.13;
1-1353;22.54;49.97;7.500;214.0;52.17;
1-1354;22.55;49.97;7.500;214.0;52.21;
1-1355;22.57;49.97;7.500;214.0;52.25;
1-1356;22.59;49.97;7.600;214.0;52.29;
1-1357;22.60;49.97;7.500;214.0;52.33;
1-1358;22.62;49.97;7.700;214.0;52.37;
1-1359;22.64;49.97;7.500;214.0;52.41;
1-1360;22.65;49.97;7.800;214.0;52.45;
1-1361;22.67;49.97;7.900;214.0;52.49;
1-1362;22.69;49.97;7.600;214.0;52.53;
1-1363;22.70;49.97;7.400;214.0;52.57;
1-1364;22.72;49.97;7.600;214.0;52.61;
1-1365;22.74;49.97;7.600;214.0;52.65;
1-1366;22.75;49.97;7.500;214.0;52.69;
1-1367;22.77;49.97;7.800;214.0;52.73;
1-1368;22.79;49.97;7.600;214.0;52.77;
1-1369;22.80;49.97;7.700;214.0;52.81;
1-1370;22.82;49.97;7.700;214.0;52.85;
1-1371;22.84;49.97;7.500;214.0;52.89;
1-1372;22.85;49.97;7.600;214.0;52.93;
1-1373;22.87;49.97;7.500;213.9;52.97;
1-1374;22.89;49.97;7.600;213.9;53.01;
1-1375;22.90;49.97;7.500;213.9;53.05;
1-1376;22.92;49.97;7.700;213.9;53.09;
1-1377;22.94;49.97;7.500;213.8;53.13;
1-1378;22.95;49.97;7.300;213.8;53.17;
1-1379;22.97;49.97;7.700;213.8;53.20;
1-1380;22.99;49.97;7.400;213.8;53.24;
1-1381;23.00;49.97;7.500;213.8;53.28;
1-1382;23.02;49.97;7.500;213.8;53.32;
1-1383;23.04;49.97;7.500;213.8;53.36;
1-1384;23.05;49.97;7.500;213.8;53.40;
1-1385;23.07;49.97;7.700;213.8;53.44;
1-1386;23.09;49.97;7.700;213.8;53.48;
1-1387;23.10;49.97;7.200;213.8;53.52;
1-1388;23.12;49.97;7.600;213.8;53.56;
1-1389;23.14;49.97;7.400;213.8;53.60;
1-1390;23.15;49.97;7.400;213.8;53.64;
1-1391;23.17;49.97;7.400;213.8;53.68;
1-1392;23.19;49.97;7.600;213.8;53.71;
1-1393;23.20;49.97;7.200;213.8;53.75;
1-1394;23.22;49.97;7.400;213.8;53.79;
1-1395;23.24;49.97;7.500;213.8;53.83;
1-1396;23.25;49.97;7.400;213.8;53.87;
1-1397;23.27;49.97;7.500;213.8;53.91;
1-1398;23.29;49.97;7.500;213.7;53.95;
1-1399;23.30;49.97;7.600;213.8;53.99;
1-1400;23.32;49.97;7.500;213.7;54.03;
1-1401;23.34;49.97;7.500;213.8;54.07;
1-1402;23.35;49.97;7.400;213.7;54.10;
1-1403;23.37;49.97;7.500;213.8;54.14;
1-1404;23.39;49.97;7.500;213.8;54.18;
1-1405;23.40;49.97;7.300;213.8;54.22;
1-1406;23.42;49.97;7.700;213.8;54.26;
1-1407;23.44;49.97;7.300;213.8;54.30;
1-1408;23.45;49.97;7.400;213.8;54.34;
1-1409;23.47;49.97;7.200;213.8;54.38;
1-1410;23.49;49.97;7.600;213.7;54.42;
1-1411;23.50;49.97;7.300;213.7;54.45;
1-1412;23.52;49.97;7.300;213.7;54.49;
1-1413;23.54;49.97;7.200;213.7;54.53;
1-1414;23.55;49.97;7.400;213.7;54.57;
1-1415;23.57;49.97;7.400;213.7;54.61;
1-1416;23.59;49.97;7.500;213.7;54.65;
1-1417;23.60;49.97;7.400;213.7;54.69;
1-1418;23.62;49.97;7.200;213.7;54.72;
1-1419;23.64;49.97;7.400;213.7;54.76;
1-1420;23.65;49.97;7.200;213.7;54.80;
1-1421;23.67;49.97;7.500;213.6;54.84;
1-1422;23.69;49.97;7.400;213.6;54.88;
1-1423;23.70;49.97;7.400;213.6;54.92;
1-1424;23.72;49.97;7.300;213.6;54.96;
1-1425;23.74;49.97;7.500;213.6;54.99;
1-1426;23.75;49.97;8.400;213.6;55.04;
1-1427;23.77;49.97;7.400;213.6;55.08;
1-1428;23.79;49.97;7.900;213.6;55.12;
1-1429;23.80;49.97;7.600;213.6;55.16;
1-1430;23.82;49.97;7.800;213.6;55.20;
1-1431;23.84;49.97;7.700;213.6;55.24;
1-1432;23.85;49.97;7.300;213.6;55.28;
1-1433;23.87;49.97;7.300;213.6;55.32;
1-1434;23.89;49.97;7.300;213.6;55.35;
1-1435;23.90;49.97;7.100;213.6;55.39;
1-1436;23.92;49.97;7.100;213.5;55.43;
1-1437;23.94;49.97;7.000;213.5;55.47;
1-1438;23.95;49.97;7.000;213.5;55.50;
1-1439;23.97;49.97;7.100;213.4;55.54;
1-1440;23.99;49.97;7.200;213.4;55.58;
1-1441;24.00;49.97;7.000;213.4;55.61;
1-1442;24.02;49.97;7.100;213.4;55.65;
1-1443;24.04;49.97;7.200;213.3;55.69;
1-1444;24.05;49.97;7.300;213.3;55.73;
1-1445;24.07;49.97;7.000;213.3;55.76;
1-1446;24.09;49.97;7.200;213.2;55.80;
1-1447;24.10;49.97;7.200;213.2;55.84;
1-1448;24.12;49.97;7.100;213.2;55.88;
1-1449;24.14;49.97;7.300;213.2;55.91;
1-1450;24.15;49.97;7.100;213.2;55.95;
1-1451;24.17;49.97;7.200;213.2;55.99;
1-1452;24.19;49.97;7.300;213.2;56.03;
1-1453;24.20;49.97;7.400;213.2;56.06;
1-1454;24.22;49.97;7.300;213.2;56.10;
1-1455;24.24;49.97;7.200;213.2;56.14;
1-1456;24.25;49.97;6.900;213.2;56.18;
1-1457;24.27;49.97;7.000;213.2;56.21;
1-1458;24.29;49.97;7.100;213.2;56.25;
1-1459;24.30;49.97;7.300;213.2;56.29;
1-1460;24.32;49.97;6.800;213.2;56.33;
1-1461;24.34;49.97;7.200;213.2;56.36;
1-1462;24.35;49.97;7.000;213.2;56.40;
1-1463;24.37;49.97;7.000;213.2;56.44;
1-1464;24.39;49.97;7.100;213.2;56.47;
1-1465;24.40;49.97;7.200;213.2;56.51;
1-1466;24.42;49.97;6.800;213.2;56.55;
1-1467;24.44;49.97;7.000;213.2;56.58;
1-1468;24.45;49.97;6.900;213.2;56.62;
1-1469;24.47;49.97;7.000;213.2;56.66;
1-1470;24.49;49.97;7.000;213.2;56.69;
1-1471;24.50;49.97;7.000;213.1;56.73;
1-1472;24.52;49.97;6.900;213.2;56.77;
1-1473;24.54;49.97;7.000;213.1;56.80;
1-1474;24.55;49.97;7.000;213.1;56.84;
1-1475;24.57;49.97;6.900;213.1;56.88;
1-1476;24.59;49.97;6.900;213.1;56.91;
1-1477;24.60;49.97;7.000;213.1;56.95;
1-1478;24.62;49.97;6.800;213.1;56.98;
1-1479;24.64;49.97;6.800;213.1;57.02;
1-1480;24.65;49.97;6.800;213.1;57.05;
1-1481;24.67;49.97;6.800;213.1;57.09;
1-1482;24.69;49.97;7.000;213.1;57.13;
1-1483;24.70;49.97;7.100;213.1;57.16;
1-1484;24.72;49.97;6.700;213.1;57.20;
1-1485;24.74;49.97;6.800;213.0;57.23;
1-1486;24.75;49.97;6.800;213.0;57.27;
1-1487;24.77;49.97;6.900;213.0;57.31;
1-1488;24.79;49.97;7.000;213.0;57.34;
1-1489;24.80;49.97;6.900;213.0;57.38;
1-1490;24.82;49.97;6.900;213.0;57.42;
1-1491;24.84;49.97;6.800;213.0;57.45;
1-1492;24.85;49.97;7.000;213.0;57.49;
1-1493;24.87;49.97;6.900;213.0;57.52;
1-1494;24.89;49.97;7.100;213.0;57.56;
1-1495;24.90;49.97;6.900;213.0;57.60;
1-1496;24.92;49.97;6.900;213.0;57.63;
1-1497;24.94;49.97;6.900;213.1;57.67;
1-1498;24.95;49.97;6.900;213.0;57.71;
1-1499;24.97;49.97;6.900;213.1;57.74;
1-1500;24.99;49.97;6.800;213.1;57.78;
1-1501;25.00;49.97;6.900;213.1;57.81;
1-1502;25.02;49.97;6.800;213.1;57.85;
1-1503;25.04;49.97;6.900;213.0;57.88;
1-1504;25.05;49.97;6.700;213.0;57.92;
1-1505;25.07;49.97;6.900;213.0;57.96;
1-1506;25.09;49.97;6.700;213.0;57.99;
1-1507;25.10;49.97;7.000;213.0;58.03;
1-1508;25.12;49.97;6.900;213.0;58.06;
1-1509;25.14;49.97;6.800;213.0;58.10;
1-1510;25.15;49.97;6.800;213.0;58.14;
1-1511;25.17;49.97;6.800;213.0;58.17;
1-1512;25.19;49.97;6.900;213.0;58.21;
1-1513;25.20;49.97;6.900;213.0;58.24;
1-1514;25.22;49.97;6.700;213.0;58.28;
1-1515;25.24;49.97;6.700;213.0;58.31;
1-1516;25.25;49.97;6.800;213.0;58.35;
1-1517;25.27;49.97;6.800;213.0;58.38;
1-1518;25.29;49.97;6.800;213.0;58.42;
1-1519;25.30;49.97;6.900;213.0;58.46;
1-1520;25.32;49.97;6.800;213.0;58.49;
1-1521;25.34;49.97;6.800;213.0;58.53;
1-1522;25.35;49.97;6.800;213.0;58.56;
1-1523;25.37;49.97;6.800;213.0;58.60;
1-1524;25.39;49.97;6.900;213.0;58.63;
1-1525;25.40;49.97;6.800;213.0;58.67;
1-1526;25.42;49.97;6.800;213.0;58.71;
1-1527;25.44;49.97;6.800;213.0;58.74;
1-1528;25.45;49.97;6.800;213.0;58.78;
1-1529;25.47;49.97;6.600;213.0;58.81;
1-1530;25.49;49.97;6.800;213.0;58.85;
1-1531;25.50;49.97;6.800;213.0;58.88;
1-1532;25.52;49.97;6.700;213.0;58.92;
1-1533;25.54;49.97;6.800;213.0;58.95;
1-1534;25.55;49.97;6.700;213.0;58.99;
1-1535;25.57;49.97;6.800;213.0;59.02;
1-1536;25.59;49.97;6.700;213.0;59.06;
1-1537;25.60;49.97;6.800;213.0;59.09;
1-1538;25.62;49.97;6.600;213.0;59.13;
1-1539;25.64;49.97;6.800;213.0;59.16;
1-1540;25.65;49.97;6.800;213.0;59.20;
1-1541;25.67;49.97;6.800;213.0;59.24;
1-1542;25.69;49.97;6.700;213.0;59.27;
1-1543;25.70;49.97;6.900;213.0;59.31;
1-1544;25.72;49.97;6.800;213.0;59.34;
1-1545;25.74;49.97;6.600;213.0;59.38;
1-1546;25.75;49.97;6.800;213.0;59.41;
1-1547;25.77;49.97;6.700;213.0;59.45;
1-1548;25.79;49.97;6.700;213.0;59.48;
1-1549;25.80;49.97;6.800;213.0;59.52;
1-1550;25.82;49.97;6.700;213.0;59.55;
1-1551;25.84;49.97;6.700;213.0;59.59;
1-1552;25.85;49.97;6.700;213.0;59.62;
1-1553;25.87;49.97;6.800;213.0;59.66;
1-1554;25.89;49.97;6.700;213.0;59.69;
1-1555;25.90;49.97;6.900;213.0;59.73;
1-1556;25.92;49.97;6.700;213.0;59.77;
1-1557;25.94;49.97;6.800;213.0;59.80;
1-1558;25.95;49.97;6.600;213.0;59.84;
1-1559;25.97;49.97;6.700;213.0;59.87;
1-1560;25.99;49.97;6.700;213.0;59.91;
1-1561;26.00;49.97;6.800;213.0;59.94;
1-1562;26.02;49.97;6.800;213.0;59.98;
1-1563;26.04;49.97;6.600;213.0;60.01;
1-1564;26.05;49.97;6.800;213.0;60.05;
1-1565;26.07;49.97;6.600;213.0;60.08;
1-1566;26.09;49.97;6.700;213.0;60.12;
1-1567;26.10;49.97;6.600;213.0;60.15;
1-1568;26.12;49.97;6.700;213.0;60.19;
1-1569;26.14;49.97;6.700;213.0;60.22;
1-1570;26.15;49.97;6.700;213.0;60.26;
1-1571;26.17;49.97;6.600;213.0;60.29;
1-1572;26.19;49.97;6.700;213.0;60.33;
1-1573;26.20;49.97;6.900;213.0;60.36;
1-1574;26.22;49.97;6.600;213.0;60.40;
1-1575;26.24;49.97;6.700;213.0;60.43;
1-1576;26.25;49.97;6.600;213.0;60.47;
1-1577;26.27;49.97;6.600;212.9;60.50;
1-1578;26.29;49.97;6.600;213.0;60.54;
1-1579;26.30;49.97;6.600;213.0;60.57;
1-1580;26.32;49.97;6.700;212.9;60.60;
1-1581;26.34;49.97;6.500;212.9;60.64;
1-1582;26.35;49.97;6.600;212.9;60.67;
1-1583;26.37;49.97;6.500;212.9;60.71;
1-1584;26.39;49.97;6.600;212.9;60.74;
1-1585;26.40;49.97;6.600;212.9;60.78;
1-1586;26.42;49.97;6.700;212.9;60.81;
1-1587;26.44;49.97;6.600;212.9;60.85;
1-1588;26.45;49.97;6.500;212.9;60.88;
1-1589;26.47;49.97;6.700;212.9;60.92;
1-1590;26.49;49.97;6.600;212.9;60.95;
1-1591;26.50;49.97;6.700;212.9;60.98;
1-1592;26.52;49.97;6.600;212.9;61.02;
1-1593;26.54;49.97;6.700;212.9;61.05;
1-1594;26.55;49.97;6.600;212.9;61.09;
1-1595;26.57;49.97;6.600;212.9;61.12;
1-1596;26.59;49.97;6.700;212.9;61.16;
1-1597;26.60;49.97;6.600;212.9;61.19;
1-1598;26.62;49.97;6.800;212.9;61.23;
1-1599;26.64;49.97;6.500;212.9;61.26;
1-1600;26.65;49.97;6.600;212.9;61.30;
1-1601;26.67;49.97;6.500;212.9;61.33;
1-1602;26.69;49.97;6.700;212.9;61.37;
1-1603;26.70;49.97;6.500;212.9;61.40;
1-1604;26.72;49.97;6.700;212.9;61.44;
1-1605;26.74;49.97;6.600;212.9;61.47;
1-1606;26.75;49.97;6.500;212.9;61.50;
1-1607;26.77;49.97;6.600;212.9;61.54;
1-1608;26.79;49.97;6.600;212.9;61.57;
1-1609;26.80;49.97;6.700;212.9;61.61;
1-1610;26.82;49.97;6.600;212.9;61.64;
1-1611;26.84;49.97;6.600;212.9;61.68;
1-1612;26.85;49.97;6.600;212.9;61.71;
1-1613;26.87;49.97;6.600;212.8;61.75;
1-1614;26.89;49.97;6.700;212.9;61.78;
1-1615;26.90;49.97;6.600;212.9;61.82;
1-1616;26.92;49.97;6.700;212.9;61.85;
1-1617;26.94;49.97;6.500;212.9;61.89;
1-1618;26.95;49.97;6.700;212.9;61.92;
1-1619;26.97;49.97;6.500;212.8;61.95;
1-1620;26.99;49.97;6.600;212.8;61.99;
1-1621;27.00;49.97;6.700;212.8;62.02;
1-1622;27.02;49.97;6.600;212.8;62.06;
1-1623;27.04;49.97;6.600;212.8;62.09;
1-1624;27.05;49.97;6.500;212.8;62.13;
1-1625;27.07;49.97;6.600;212.8;62.16;
1-1626;27.09;49.97;6.600;212.8;62.20;
1-1627;27.10;49.97;6.800;212.8;62.23;
1-1628;27.12;49.97;6.700;212.8;62.27;
1-1629;27.14;49.97;6.700;212.8;62.30;
1-1630;27.15;49.97;6.600;212.8;62.34;
1-1631;27.17;49.97;6.600;212.8;62.37;
1-1632;27.19;49.97;6.600;212.8;62.41;
1-1633;27.20;49.97;6.600;212.8;62.44;
1-1634;27.22;49.97;6.800;212.8;62.47;
1-1635;27.24;49.97;6.600;212.8;62.51;
1-1636;27.25;49.97;6.600;212.8;62.54;
1-1637;27.27;49.97;6.500;212.8;62.58;
1-1638;27.29;49.97;6.600;212.8;62.61;
1-1639;27.30;49.97;6.600;212.8;62.65;
1-1640;27.32;49.97;6.600;212.8;62.68;
1-1641;27.34;49.97;6.600;212.8;62.72;
1-1642;27.35;49.97;6.500;212.8;62.75;
1-1643;27.37;49.97;6.600;212.8;62.79;
1-1644;27.39;49.97;6.600;212.8;62.82;
1-1645;27.40;49.97;6.700;212.8;62.85;
1-1646;27.42;49.97;6.600;212.8;62.89;
1-1647;27.44;49.97;6.600;212.8;62.92;
1-1648;27.45;49.97;6.600;212.9;62.96;
1-1649;27.47;49.97;6.600;212.8;62.99;
1-1650;27.49;49.97;6.600;212.8;63.03;
1-1651;27.50;49.97;6.500;212.8;63.06;
1-1652;27.52;49.97;6.700;212.8;63.10;
1-1653;27.54;49.97;6.500;212.8;63.13;
1-1654;27.55;49.97;6.600;212.8;63.17;
1-1655;27.57;49.97;6.500;212.8;63.20;
1-1656;27.59;49.97;6.600;212.8;63.23;
1-1657;27.60;49.97;6.600;212.8;63.27;
1-1658;27.62;49.97;6.600;212.8;63.30;
1-1659;27.64;49.97;6.600;212.8;63.34;
1-1660;27.65;49.97;6.500;212.8;63.37;
1-1661;27.67;49.97;6.600;212.8;63.41;
1-1662;27.69;49.97;6.600;212.8;63.44;
1-1663;27.70;49.97;6.700;212.8;63.48;
1-1664;27.72;49.97;6.700;212.8;63.51;
1-1665;27.74;49.97;6.600;212.8;63.55;
1-1666;27.75;49.97;6.600;212.8;63.58;
1-1667;27.77;49.97;6.600;212.8;63.61;
1-1668;27.79;49.97;6.700;212.8;63.65;
1-1669;27.80;49.97;6.600;212.8;63.68;
1-1670;27.82;49.97;6.800;212.8;63.72;
1-1671;27.84;49.97;6.600;212.8;63.75;
1-1672;27.85;49.97;6.600;212.8;63.79;
1-1673;27.87;49.97;6.600;212.8;63.82;
1-1674;27.89;49.97;6.600;212.8;63.86;
1-1675;27.90;49.97;6.500;212.8;63.89;
1-1676;27.92;49.97;6.600;212.8;63.93;
1-1677;27.94;49.97;6.600;212.8;63.96;
1-1678;27.95;49.97;6.500;212.8;63.99;
1-1679;27.97;49.97;6.600;212.8;64.03;
1-1680;27.99;49.97;6.500;212.8;64.06;
1-1681;28.00;49.97;6.700;212.8;64.10;
1-1682;28.02;49.97;6.600;212.8;64.13;
1-1683;28.04;49.97;6.600;212.8;64.17;
1-1684;28.05;49.97;6.600;212.8;64.20;
1-1685;28.07;49.97;6.600;212.8;64.24;
1-1686;28.09;49.97;6.600;212.8;64.27;
1-1687;28.10;49.97;6.600;212.8;64.31;
1-1688;28.12;49.97;6.700;212.8;64.34;
1-1689;28.14;49.97;6.500;212.8;64.37;
1-1690;28.15;49.97;6.600;212.8;64.41;
1-1691;28.17;49.97;6.600;212.8;64.44;
1-1692;28.19;49.97;6.600;212.8;64.48;
1-1693;28.20;49.97;6.700;212.8;64.51;
1-1694;28.22;49.97;6.700;212.8;64.55;
1-1695;28.24;49.97;6.700;212.8;64.58;
1-1696;28.25;49.97;6.500;212.8;64.62;
1-1697;28.27;49.97;6.700;212.8;64.65;
1-1698;28.29;49.97;6.600;212.8;64.69;
1-1699;28.30;49.97;6.700;212.8;64.72;
1-1700;28.32;49.97;6.700;212.8;64.76;
1-1701;28.34;49.97;6.700;212.8;64.79;
1-1702;28.35;49.97;6.600;212.8;64.83;
1-1703;28.37;49.97;6.500;212.8;64.86;
1-1704;28.39;49.97;6.700;212.8;64.90;
1-1705;28.40;49.97;6.600;212.8;64.93;
1-1706;28.42;49.97;6.700;212.8;64.97;
1-1707;28.44;49.97;6.600;212.8;65.00;
1-1708;28.45;49.97;6.600;212.8;65.03;
1-1709;28.47;49.97;6.600;212.8;65.07;
1-1710;28.49;49.97;6.600;212.8;65.10;
1-1711;28.50;49.97;6.600;212.8;65.14;
1-1712;28.52;49.97;6.600;212.8;65.17;
1-1713;28.54;49.97;6.700;212.8;65.21;
1-1714;28.55;49.97;6.500;212.7;65.24;
1-1715;28.57;49.97;6.700;212.7;65.28;
1-1716;28.59;49.97;6.600;212.7;65.31;
1-1717;28.60;49.97;6.700;212.7;65.35;
1-1718;28.62;49.97;6.600;212.7;65.38;
1-1719;28.64;49.97;6.700;212.8;65.42;
1-1720;28.65;49.97;6.600;212.8;65.45;
1-1721;28.67;49.97;6.600;212.8;65.49;

