D:\Documents and Settings\All Users\Documents\Thermo\PolySoft\Projects\JanLDHTEST Dec2015.pmp\JanDec_0007.pld


 ;t [min];Revolution Speed [1/min];Torque [Nm];TM [°C];E [kJ];
1-1;0.004683;49.97;27.60;175.4;0.01015;
1-2;0.02135;49.97;34.00;172.4;0.171;
1-3;0.03802;49.97;29.10;169.0;0.336;
1-4;0.05468;49.97;26.50;161.1;0.482;
1-5;0.07135;49.97;25.30;155.6;0.617;
1-6;0.08802;49.97;24.40;153.6;0.748;
1-7;0.105;49.97;22.30;150.9;0.870;
1-8;0.121;49.97;22.10;149.8;0.986;
1-9;0.138;49.97;21.20;149.6;1.099;
1-10;0.155;49.97;20.60;149.7;1.209;
1-11;0.171;49.97;20.00;149.8;1.315;
1-12;0.188;49.97;19.90;150.1;1.419;
1-13;0.205;49.97;19.70;150.8;1.523;
1-14;0.221;49.97;18.70;151.4;1.623;
1-15;0.238;49.97;18.30;151.8;1.720;
1-16;0.255;49.97;18.00;152.7;1.815;
1-17;0.271;49.97;17.80;153.8;1.909;
1-18;0.288;49.97;17.30;154.3;2.001;
1-19;0.305;49.97;16.60;155.5;2.089;
1-20;0.321;49.97;16.30;156.7;2.175;
1-21;0.338;49.97;15.90;157.4;2.260;
1-22;0.355;49.97;15.40;158.7;2.342;
1-23;0.371;49.97;15.20;159.9;2.422;
1-24;0.388;49.97;14.80;160.6;2.500;
1-25;0.405;49.97;14.20;161.9;2.576;
1-26;0.421;49.97;13.60;163.1;2.649;
1-27;0.438;49.97;13.40;163.7;2.719;
1-28;0.455;49.97;13.00;164.8;2.788;
1-29;0.471;49.97;12.80;165.9;2.856;
1-30;0.488;49.97;12.30;166.5;2.922;
1-31;0.505;49.97;11.90;167.6;2.985;
1-32;0.521;49.97;11.50;168.5;3.046;
1-33;0.538;49.97;11.20;168.9;3.106;
1-34;0.555;49.97;11.00;169.8;3.164;
1-35;0.571;49.97;10.60;170.7;3.220;
1-36;0.588;49.97;10.50;171.1;3.275;
1-37;0.605;49.97;10.10;172.0;3.329;
1-38;0.621;49.97;10.10;172.8;3.382;
1-39;0.638;49.97;9.700;173.1;3.434;
1-40;0.655;49.97;9.600;173.8;3.485;
1-41;0.671;49.97;9.500;174.5;3.535;
1-42;0.688;49.97;9.400;174.9;3.584;
1-43;0.705;49.97;9.100;175.5;3.632;
1-44;0.721;49.97;8.900;176.1;3.679;
1-45;0.738;49.97;8.900;176.4;3.726;
1-46;0.755;49.97;8.600;176.9;3.772;
1-47;0.771;49.97;8.600;177.5;3.817;
1-48;0.788;49.97;8.400;177.7;3.861;
1-49;0.805;49.97;8.400;178.2;3.905;
1-50;0.821;49.97;8.200;178.6;3.949;
1-51;0.838;49.97;8.200;178.8;3.992;
1-52;0.855;49.97;8.000;179.3;4.034;
1-53;0.871;49.97;8.000;179.7;4.076;
1-54;0.888;49.97;7.900;179.9;4.117;
1-55;0.905;49.97;7.800;180.3;4.159;
1-56;0.921;49.97;7.700;180.7;4.199;
1-57;0.938;49.97;7.600;180.9;4.239;
1-58;0.955;49.97;7.600;181.3;4.279;
1-59;0.971;49.97;7.500;181.7;4.318;
1-60;0.988;49.97;7.500;181.8;4.358;
1-61;1.005;49.97;7.400;182.2;4.397;
1-62;1.021;49.97;7.200;182.5;4.435;
1-63;1.038;49.97;7.300;182.6;4.473;
1-64;1.055;49.97;7.100;183.0;4.511;
1-65;1.071;49.97;7.200;183.2;4.548;
1-66;1.088;49.97;7.100;183.4;4.585;
1-67;1.105;49.97;7.200;183.7;4.623;
1-68;1.121;49.97;7.000;183.9;4.660;
1-69;1.138;49.97;7.000;184.0;4.697;
1-70;1.155;49.97;6.900;184.3;4.733;
1-71;1.171;49.97;7.000;184.6;4.769;
1-72;1.188;49.97;6.900;184.7;4.806;
1-73;1.205;49.97;6.800;184.9;4.842;
1-74;1.221;49.97;6.900;185.2;4.877;
1-75;1.238;49.97;6.700;185.3;4.913;
1-76;1.255;49.97;6.700;185.5;4.948;
1-77;1.271;49.97;6.700;185.7;4.983;
1-78;1.288;49.97;6.700;185.9;5.018;
1-79;1.305;49.97;6.600;186.0;5.053;
1-80;1.321;49.97;6.500;186.2;5.087;
1-81;1.338;49.97;6.600;186.3;5.121;
1-82;1.355;49.97;6.500;186.5;5.156;
1-83;1.371;49.97;6.600;186.7;5.190;
1-84;1.388;49.97;6.400;186.8;5.224;
1-85;1.405;49.97;6.500;187.0;5.258;
1-86;1.421;49.97;6.400;187.2;5.292;
1-87;1.438;49.97;6.400;187.3;5.325;
1-88;1.455;49.97;6.300;187.5;5.358;
1-89;1.471;49.97;6.300;187.7;5.391;
1-90;1.488;49.97;6.300;187.8;5.424;
1-91;1.505;49.97;6.200;187.9;5.457;
1-92;1.521;49.97;6.300;188.1;5.490;
1-93;1.538;49.97;6.100;188.2;5.522;
1-94;1.555;49.97;6.100;188.4;5.554;
1-95;1.571;49.97;6.100;188.6;5.586;
1-96;1.588;49.97;6.100;188.6;5.618;
1-97;1.605;49.97;6.100;188.8;5.650;
1-98;1.621;49.97;6.000;188.9;5.681;
1-99;1.638;49.97;6.100;189.0;5.713;
1-100;1.655;49.97;5.900;189.1;5.745;
1-101;1.671;49.97;6.100;189.3;5.776;
1-102;1.688;49.97;5.900;189.3;5.807;
1-103;1.705;49.97;6.000;189.5;5.838;
1-104;1.721;49.97;5.900;189.6;5.870;
1-105;1.738;49.97;5.900;189.7;5.900;
1-106;1.755;49.97;5.900;189.8;5.931;
1-107;1.771;49.97;5.900;189.9;5.962;
1-108;1.788;49.97;5.900;190.0;5.993;
1-109;1.805;49.97;5.800;190.1;6.024;
1-110;1.821;49.97;5.900;190.2;6.054;
1-111;1.838;49.97;5.800;190.3;6.085;
1-112;1.855;49.97;5.700;190.5;6.115;
1-113;1.871;49.97;5.700;190.6;6.145;
1-114;1.888;49.97;5.800;190.6;6.175;
1-115;1.905;49.97;5.700;190.8;6.205;
1-116;1.921;49.97;5.700;190.9;6.235;
1-117;1.938;49.97;5.800;191.0;6.265;
1-118;1.955;49.97;5.600;191.1;6.295;
1-119;1.971;49.97;5.700;191.2;6.324;
1-120;1.988;49.97;5.700;191.3;6.354;
1-121;2.005;49.97;5.800;191.4;6.384;
1-122;2.021;49.97;5.600;191.5;6.414;
1-123;2.038;49.97;5.700;191.6;6.444;
1-124;2.055;49.97;5.600;191.7;6.473;
1-125;2.071;49.97;5.600;191.9;6.503;
1-126;2.088;49.97;5.600;191.9;6.532;
1-127;2.105;49.97;5.600;192.0;6.561;
1-128;2.121;49.97;5.600;192.1;6.590;
1-129;2.138;49.97;5.600;192.2;6.620;
1-130;2.155;49.97;5.600;192.3;6.649;
1-131;2.171;49.97;5.500;192.4;6.678;
1-132;2.188;49.97;5.600;192.5;6.707;
1-133;2.205;49.97;5.500;192.6;6.736;
1-134;2.221;49.97;5.500;192.7;6.765;
1-135;2.238;49.97;5.500;192.8;6.794;
1-136;2.255;49.97;5.400;192.9;6.822;
1-137;2.271;49.97;5.500;193.0;6.851;
1-138;2.288;49.97;5.500;193.1;6.880;
1-139;2.305;49.97;5.500;193.2;6.908;
1-140;2.321;49.97;5.400;193.3;6.937;
1-141;2.338;49.97;5.400;193.4;6.965;
1-142;2.355;49.97;5.400;193.5;6.993;
1-143;2.371;49.97;5.300;193.6;7.021;
1-144;2.388;49.97;5.400;193.7;7.049;
1-145;2.405;49.97;5.400;193.8;7.078;
1-146;2.421;49.97;5.400;193.9;7.106;
1-147;2.438;49.97;5.300;194.0;7.134;
1-148;2.455;49.97;5.300;194.0;7.162;
1-149;2.471;49.97;5.300;194.1;7.189;
1-150;2.488;49.97;5.300;194.2;7.217;
1-151;2.505;49.97;5.300;194.3;7.245;
1-152;2.521;49.97;5.300;194.4;7.273;
1-153;2.538;49.97;5.300;194.5;7.300;
1-154;2.555;49.97;5.200;194.6;7.328;
1-155;2.571;49.97;5.200;194.6;7.355;
1-156;2.588;49.97;5.200;194.7;7.382;
1-157;2.605;49.97;5.300;194.8;7.410;
1-158;2.621;49.97;5.100;194.9;7.437;
1-159;2.638;49.97;5.200;195.0;7.464;
1-160;2.655;49.97;5.100;195.0;7.491;
1-161;2.671;49.97;5.100;195.1;7.518;
1-162;2.688;49.97;5.100;195.2;7.544;
1-163;2.705;49.97;5.100;195.3;7.571;
1-164;2.721;49.97;5.100;195.3;7.598;
1-165;2.738;49.97;5.100;195.5;7.624;
1-166;2.755;49.97;5.100;195.5;7.651;
1-167;2.771;49.97;5.000;195.6;7.677;
1-168;2.788;49.97;5.100;195.7;7.704;
1-169;2.805;49.97;5.100;195.7;7.731;
1-170;2.821;49.97;5.000;195.8;7.757;
1-171;2.838;49.97;5.100;195.9;7.783;
1-172;2.855;49.97;5.000;196.0;7.810;
1-173;2.871;49.97;5.000;196.0;7.836;
1-174;2.888;49.97;5.000;196.1;7.862;
1-175;2.905;49.97;5.000;196.2;7.888;
1-176;2.921;49.97;5.000;196.2;7.915;
1-177;2.938;49.97;5.000;196.3;7.941;
1-178;2.955;49.97;4.900;196.4;7.967;
1-179;2.971;49.97;4.900;196.4;7.992;
1-180;2.988;49.97;5.000;196.5;8.018;
1-181;3.005;49.97;4.900;196.6;8.044;
1-182;3.021;49.97;4.900;196.6;8.070;
1-183;3.038;49.97;4.800;196.7;8.095;
1-184;3.055;49.97;4.900;196.8;8.120;
1-185;3.071;49.97;4.800;196.8;8.146;
1-186;3.088;49.97;4.900;196.9;8.171;
1-187;3.105;49.97;4.900;197.0;8.197;
1-188;3.121;49.97;4.800;197.0;8.222;
1-189;3.138;49.97;4.900;197.1;8.248;
1-190;3.155;49.97;4.800;197.2;8.273;
1-191;3.171;49.97;4.800;197.2;8.298;
1-192;3.188;49.97;4.800;197.3;8.323;
1-193;3.205;49.97;4.800;197.4;8.348;
1-194;3.221;49.97;4.800;197.4;8.373;
1-195;3.238;49.97;4.800;197.5;8.399;
1-196;3.255;49.97;4.800;197.6;8.424;
1-197;3.271;49.97;4.700;197.6;8.449;
1-198;3.288;49.97;4.800;197.7;8.473;
1-199;3.305;49.97;4.700;197.7;8.498;
1-200;3.321;49.97;4.800;197.8;8.523;
1-201;3.338;49.97;4.700;197.9;8.548;
1-202;3.355;49.97;4.800;197.9;8.573;
1-203;3.371;49.97;4.700;198.0;8.598;
1-204;3.388;49.97;4.700;198.1;8.622;
1-205;3.405;49.97;4.700;198.1;8.647;
1-206;3.421;49.97;4.700;198.2;8.672;
1-207;3.438;49.97;4.700;198.3;8.696;
1-208;3.455;49.97;4.600;198.3;8.720;
1-209;3.471;49.97;4.600;198.4;8.745;
1-210;3.488;49.97;4.600;198.4;8.769;
1-211;3.505;49.97;4.700;198.5;8.793;
1-212;3.521;49.97;4.700;198.6;8.818;
1-213;3.538;49.97;4.600;198.6;8.842;
1-214;3.555;49.97;4.600;198.6;8.866;
1-215;3.571;49.97;4.500;198.7;8.890;
1-216;3.588;49.97;4.700;198.8;8.914;
1-217;3.605;49.97;4.600;198.8;8.938;
1-218;3.621;49.97;4.700;198.9;8.962;
1-219;3.638;49.97;4.500;199.0;8.987;
1-220;3.655;49.97;4.600;199.0;9.010;
1-221;3.671;49.97;4.600;199.1;9.034;
1-222;3.688;49.97;4.600;199.1;9.059;
1-223;3.705;49.97;4.600;199.2;9.083;
1-224;3.721;49.97;4.500;199.2;9.106;
1-225;3.738;49.97;4.500;199.3;9.130;
1-226;3.755;49.97;4.500;199.3;9.153;
1-227;3.771;49.97;4.600;199.4;9.177;
1-228;3.788;49.97;4.500;199.5;9.201;
1-229;3.805;49.97;4.500;199.5;9.225;
1-230;3.821;49.97;4.500;199.6;9.248;
1-231;3.838;49.97;4.500;199.6;9.272;
1-232;3.855;49.97;4.500;199.6;9.295;
1-233;3.871;49.97;4.400;199.7;9.319;
1-234;3.888;49.97;4.500;199.8;9.342;
1-235;3.905;49.97;4.500;199.8;9.365;
1-236;3.921;49.97;4.500;199.9;9.389;
1-237;3.938;49.97;4.400;199.9;9.412;
1-238;3.955;49.97;4.500;200.0;9.436;
1-239;3.971;49.97;4.400;200.0;9.459;
1-240;3.988;49.97;4.400;200.1;9.482;
1-241;4.005;49.97;4.500;200.1;9.505;
1-242;4.021;49.97;4.400;200.2;9.528;
1-243;4.038;49.97;4.400;200.2;9.551;
1-244;4.055;49.97;4.400;200.3;9.575;
1-245;4.071;49.97;4.400;200.3;9.598;
1-246;4.088;49.97;4.400;200.4;9.621;
1-247;4.105;49.97;4.400;200.4;9.644;
1-248;4.121;49.97;4.400;200.5;9.667;
1-249;4.138;49.97;4.400;200.5;9.690;
1-250;4.155;49.97;4.400;200.5;9.713;
1-251;4.171;49.97;4.300;200.6;9.735;
1-252;4.188;49.97;4.400;200.6;9.758;
1-253;4.205;49.97;4.400;200.7;9.781;
1-254;4.221;49.97;4.400;200.8;9.804;
1-255;4.238;49.97;4.400;200.8;9.827;
1-256;4.255;49.97;4.400;200.8;9.850;
1-257;4.271;49.97;4.300;200.9;9.873;
1-258;4.288;49.97;4.300;200.9;9.896;
1-259;4.305;49.97;4.300;201.0;9.918;
1-260;4.321;49.97;4.300;201.0;9.941;
1-261;4.338;49.97;4.400;201.1;9.963;
1-262;4.355;49.97;4.300;201.1;9.986;
1-263;4.371;49.97;4.400;201.2;10.01;
1-264;4.388;49.97;4.300;201.2;10.03;
1-265;4.405;49.97;4.300;201.2;10.05;
1-266;4.421;49.97;4.300;201.3;10.08;
1-267;4.438;49.97;4.300;201.3;10.10;
1-268;4.455;49.97;4.300;201.3;10.12;
1-269;4.471;49.97;4.200;201.4;10.14;
1-270;4.488;49.97;4.300;201.4;10.17;
1-271;4.505;49.97;4.300;201.5;10.19;
1-272;4.521;49.97;4.300;201.5;10.21;
1-273;4.538;49.97;4.200;201.6;10.23;
1-274;4.555;49.97;4.300;201.6;10.26;
1-275;4.571;49.97;4.200;201.6;10.28;
1-276;4.588;49.97;4.200;201.7;10.30;
1-277;4.605;49.97;4.300;201.7;10.32;
1-278;4.621;49.97;4.300;201.8;10.34;
1-279;4.638;49.97;4.300;201.8;10.37;
1-280;4.655;49.97;4.200;201.8;10.39;
1-281;4.671;49.97;4.300;201.9;10.41;
1-282;4.688;49.97;4.200;201.9;10.43;
1-283;4.705;49.97;4.300;201.9;10.46;
1-284;4.721;49.97;4.200;202.0;10.48;
1-285;4.738;49.97;4.200;202.0;10.50;
1-286;4.755;49.97;4.200;202.0;10.52;
1-287;4.771;49.97;4.200;202.1;10.54;
1-288;4.788;49.97;4.200;202.1;10.57;
1-289;4.805;49.97;4.200;202.1;10.59;
1-290;4.821;49.97;4.300;202.2;10.61;
1-291;4.838;49.97;4.200;202.2;10.63;
1-292;4.855;49.97;4.200;202.2;10.65;
1-293;4.871;49.97;4.200;202.3;10.68;
1-294;4.888;49.97;4.100;202.3;10.70;
1-295;4.905;49.97;4.200;202.4;10.72;
1-296;4.921;49.97;4.200;202.4;10.74;
1-297;4.938;49.97;4.200;202.4;10.76;
1-298;4.955;49.97;4.100;202.5;10.79;
1-299;4.971;49.97;4.200;202.5;10.81;
1-300;4.988;49.97;4.100;202.6;10.83;
1-301;5.005;49.97;4.200;202.6;10.85;
1-302;5.021;49.97;4.200;202.6;10.87;
1-303;5.038;49.97;4.200;202.7;10.89;
1-304;5.055;49.97;4.200;202.7;10.92;
1-305;5.071;49.97;4.100;202.7;10.94;
1-306;5.088;49.97;4.100;202.7;10.96;
1-307;5.105;49.97;4.100;202.8;10.98;
1-308;5.121;49.97;4.200;202.8;11.00;
1-309;5.138;49.97;4.200;202.8;11.03;
1-310;5.155;49.97;4.100;202.8;11.05;
1-311;5.171;49.97;4.100;202.9;11.07;
1-312;5.188;49.97;4.100;202.9;11.09;
1-313;5.205;49.97;4.200;203.0;11.11;
1-314;5.221;49.97;4.100;203.0;11.13;
1-315;5.238;49.97;4.100;203.0;11.15;
1-316;5.255;49.97;4.100;203.0;11.18;
1-317;5.271;49.97;4.100;203.0;11.20;
1-318;5.288;49.97;4.100;203.1;11.22;
1-319;5.305;49.97;4.100;203.1;11.24;
1-320;5.321;49.97;4.100;203.1;11.26;
1-321;5.338;49.97;4.100;203.2;11.28;
1-322;5.355;49.97;4.100;203.2;11.30;
1-323;5.371;49.97;4.100;203.2;11.33;
1-324;5.388;49.97;4.100;203.3;11.35;
1-325;5.405;49.97;4.100;203.3;11.37;
1-326;5.421;49.97;4.100;203.3;11.39;
1-327;5.438;49.97;4.100;203.4;11.41;
1-328;5.455;49.97;4.100;203.4;11.43;
1-329;5.471;49.97;4.100;203.4;11.46;
1-330;5.488;49.97;4.100;203.4;11.48;
1-331;5.505;49.97;4.100;203.4;11.50;
1-332;5.521;49.97;4.100;203.5;11.52;
1-333;5.538;49.97;4.100;203.5;11.54;
1-334;5.555;49.97;4.100;203.5;11.56;
1-335;5.571;49.97;4.100;203.6;11.58;
1-336;5.588;49.97;4.100;203.6;11.61;
1-337;5.605;49.97;4.100;203.6;11.63;
1-338;5.621;49.97;4.100;203.6;11.65;
1-339;5.638;49.97;4.100;203.6;11.67;
1-340;5.655;49.97;4.000;203.7;11.69;
1-341;5.671;49.97;4.000;203.7;11.71;
1-342;5.688;49.97;4.000;203.7;11.73;
1-343;5.705;49.97;4.000;203.8;11.75;
1-344;5.721;49.97;4.000;203.8;11.77;
1-345;5.738;49.97;4.000;203.8;11.80;
1-346;5.755;49.97;4.000;203.8;11.82;
1-347;5.771;49.97;4.000;203.8;11.84;
1-348;5.788;49.97;4.000;203.8;11.86;
1-349;5.805;49.97;4.000;203.9;11.88;
1-350;5.821;49.97;4.000;203.9;11.90;
1-351;5.838;49.97;4.000;203.9;11.92;
1-352;5.855;49.97;4.000;204.0;11.94;
1-353;5.871;49.97;4.000;204.0;11.96;
1-354;5.888;49.97;4.000;204.0;11.98;
1-355;5.905;49.97;4.000;204.0;12.00;
1-356;5.921;49.97;4.000;204.0;12.03;
1-357;5.938;49.97;4.000;204.1;12.05;
1-358;5.955;49.97;4.000;204.1;12.07;
1-359;5.971;49.97;4.000;204.1;12.09;
1-360;5.988;49.97;4.000;204.1;12.11;
1-361;6.005;49.97;4.000;204.2;12.13;
1-362;6.021;49.97;4.000;204.2;12.15;
1-363;6.038;49.97;4.000;204.2;12.17;
1-364;6.055;49.97;4.000;204.2;12.19;
1-365;6.071;49.97;4.000;204.2;12.21;
1-366;6.088;49.97;3.900;204.3;12.23;
1-367;6.105;49.97;3.900;204.3;12.26;
1-368;6.121;49.97;3.900;204.3;12.28;
1-369;6.138;49.97;4.000;204.3;12.30;
1-370;6.155;49.97;3.900;204.3;12.32;
1-371;6.171;49.97;3.900;204.3;12.34;
1-372;6.188;49.97;3.900;204.4;12.36;
1-373;6.205;49.97;3.900;204.4;12.38;
1-374;6.221;49.97;3.900;204.4;12.40;
1-375;6.238;49.97;3.900;204.4;12.42;
1-376;6.255;49.97;3.900;204.5;12.44;
1-377;6.271;49.97;3.900;204.5;12.46;
1-378;6.288;49.97;3.900;204.5;12.48;
1-379;6.305;49.97;3.900;204.5;12.50;
1-380;6.321;49.97;3.900;204.5;12.52;
1-381;6.338;49.97;4.000;204.5;12.54;
1-382;6.355;49.97;3.900;204.5;12.56;
1-383;6.371;49.97;3.900;204.6;12.58;
1-384;6.388;49.97;3.900;204.6;12.60;
1-385;6.405;49.97;3.900;204.6;12.62;
1-386;6.421;49.97;3.900;204.6;12.64;
1-387;6.438;49.97;3.900;204.6;12.66;
1-388;6.455;49.97;3.900;204.6;12.68;
1-389;6.471;49.97;3.900;204.7;12.71;
1-390;6.488;49.97;3.900;204.7;12.73;
1-391;6.505;49.97;3.900;204.7;12.75;
1-392;6.521;49.97;3.900;204.7;12.77;
1-393;6.538;49.97;3.900;204.7;12.79;
1-394;6.555;49.97;3.900;204.8;12.81;
1-395;6.571;49.97;3.900;204.8;12.83;
1-396;6.588;49.97;3.900;204.8;12.85;
1-397;6.605;49.97;3.900;204.8;12.87;
1-398;6.621;49.97;3.900;204.8;12.89;
1-399;6.638;49.97;3.900;204.8;12.91;
1-400;6.655;49.97;3.900;204.8;12.93;
1-401;6.671;49.97;3.900;204.9;12.95;
1-402;6.688;49.97;3.900;204.9;12.97;
1-403;6.705;49.97;3.900;204.9;12.99;
1-404;6.721;49.97;3.800;204.9;13.01;
1-405;6.738;49.97;3.900;204.9;13.03;
1-406;6.755;49.97;3.800;205.0;13.05;
1-407;6.771;49.97;3.900;205.0;13.07;
1-408;6.788;49.97;3.900;205.0;13.09;
1-409;6.805;49.97;3.800;205.0;13.11;
1-410;6.821;49.97;3.900;205.0;13.13;
1-411;6.838;49.97;3.900;205.0;13.15;
1-412;6.855;49.97;3.900;205.0;13.17;
1-413;6.871;49.97;3.800;205.1;13.19;
1-414;6.888;49.97;3.900;205.1;13.21;
1-415;6.905;49.97;3.900;205.1;13.23;
1-416;6.921;49.97;3.900;205.1;13.25;
1-417;6.938;49.97;3.900;205.1;13.27;
1-418;6.955;49.97;3.900;205.2;13.30;
1-419;6.971;49.97;3.900;205.2;13.32;
1-420;6.988;49.97;3.800;205.2;13.34;
1-421;7.005;49.97;3.900;205.2;13.36;
1-422;7.021;49.97;3.800;205.2;13.38;
1-423;7.038;49.97;3.900;205.2;13.40;
1-424;7.055;49.97;3.800;205.2;13.42;
1-425;7.071;49.97;3.800;205.2;13.44;
1-426;7.088;49.97;3.900;205.2;13.46;
1-427;7.105;49.97;3.800;205.2;13.48;
1-428;7.121;49.97;3.900;205.3;13.50;
1-429;7.138;49.97;3.900;205.3;13.52;
1-430;7.155;49.97;3.900;205.3;13.54;
1-431;7.171;49.97;3.800;205.3;13.56;
1-432;7.188;49.97;3.900;205.3;13.58;
1-433;7.205;49.97;3.800;205.3;13.60;
1-434;7.221;49.97;3.900;205.4;13.62;
1-435;7.238;49.97;3.900;205.4;13.64;
1-436;7.255;49.97;3.800;205.4;13.66;
1-437;7.271;49.97;3.800;205.4;13.68;
1-438;7.288;49.97;3.800;205.4;13.70;
1-439;7.305;49.97;3.800;205.4;13.72;
1-440;7.321;49.97;3.800;205.4;13.74;
1-441;7.338;49.97;3.900;205.4;13.76;
1-442;7.355;49.97;3.800;205.5;13.78;
1-443;7.371;49.97;3.800;205.5;13.80;
1-444;7.388;49.97;3.800;205.5;13.82;
1-445;7.405;49.97;3.800;205.5;13.84;
1-446;7.421;49.97;3.800;205.5;13.86;
1-447;7.438;49.97;3.800;205.5;13.88;
1-448;7.455;49.97;3.900;205.5;13.90;
1-449;7.471;49.97;3.800;205.6;13.92;
1-450;7.488;49.97;3.800;205.6;13.94;
1-451;7.505;49.97;3.800;205.6;13.96;
1-452;7.521;49.97;3.900;205.6;13.98;
1-453;7.538;49.97;3.800;205.6;14.00;
1-454;7.555;49.97;3.900;205.6;14.02;
1-455;7.571;49.97;3.800;205.6;14.04;
1-456;7.588;49.97;3.800;205.6;14.06;
1-457;7.605;49.97;3.900;205.7;14.08;
1-458;7.621;49.97;3.800;205.7;14.10;
1-459;7.638;49.97;3.900;205.7;14.12;
1-460;7.655;49.97;3.800;205.7;14.14;
1-461;7.671;49.97;3.800;205.7;14.16;
1-462;7.688;49.97;3.800;205.7;14.18;
1-463;7.705;49.97;3.800;205.7;14.20;
1-464;7.721;49.97;3.800;205.7;14.22;
1-465;7.738;49.97;3.800;205.8;14.24;
1-466;7.755;49.97;3.900;205.8;14.26;
1-467;7.771;49.97;3.800;205.8;14.28;
1-468;7.788;49.97;3.900;205.8;14.30;
1-469;7.805;49.97;3.800;205.8;14.32;
1-470;7.821;49.97;3.800;205.8;14.34;
1-471;7.838;49.97;3.800;205.8;14.36;
1-472;7.855;49.97;3.800;205.8;14.38;
1-473;7.871;49.97;3.800;205.8;14.40;
1-474;7.888;49.97;3.800;205.8;14.42;
1-475;7.905;49.97;3.800;205.8;14.44;
1-476;7.921;49.97;3.700;205.8;14.46;
1-477;7.938;49.97;3.800;205.9;14.48;
1-478;7.955;49.97;3.800;205.9;14.50;
1-479;7.971;49.97;3.800;205.9;14.52;
1-480;7.988;49.97;3.800;205.9;14.54;
1-481;8.005;49.97;3.700;205.9;14.56;
1-482;8.021;49.97;3.800;205.9;14.58;
1-483;8.038;49.97;3.800;206.0;14.60;
1-484;8.055;49.97;3.800;206.0;14.62;
1-485;8.071;49.97;3.700;206.0;14.64;
1-486;8.088;49.97;3.800;206.0;14.66;
1-487;8.105;49.97;3.700;206.0;14.68;
1-488;8.121;49.97;3.800;206.0;14.69;
1-489;8.138;49.97;3.800;206.0;14.71;
1-490;8.155;49.97;3.800;206.0;14.73;
1-491;8.171;49.97;3.700;206.0;14.75;
1-492;8.188;49.97;3.600;206.0;14.77;
1-493;8.205;49.97;3.600;206.0;14.79;
1-494;8.221;49.97;3.600;206.0;14.81;
1-495;8.238;49.97;3.700;206.0;14.83;
1-496;8.255;49.97;3.700;206.1;14.85;
1-497;8.271;49.97;3.600;206.0;14.87;
1-498;8.288;49.97;3.700;206.1;14.89;
1-499;8.305;49.97;3.600;206.1;14.91;
1-500;8.321;49.97;3.700;206.1;14.93;
1-501;8.338;49.97;3.700;206.1;14.95;
1-502;8.355;49.97;3.700;206.1;14.96;
1-503;8.371;49.97;3.700;206.1;14.98;
1-504;8.388;49.97;3.700;206.1;15.00;
1-505;8.405;49.97;3.700;206.1;15.02;
1-506;8.421;49.97;3.700;206.1;15.04;
1-507;8.438;49.97;3.700;206.2;15.06;
1-508;8.455;49.97;3.700;206.2;15.08;
1-509;8.471;49.97;3.700;206.2;15.10;
1-510;8.488;49.97;3.700;206.2;15.12;
1-511;8.505;49.97;3.700;206.2;15.14;
1-512;8.521;49.97;3.700;206.2;15.16;
1-513;8.538;49.97;3.700;206.2;15.18;
1-514;8.555;49.97;3.700;206.2;15.20;
1-515;8.571;49.97;3.700;206.2;15.22;
1-516;8.588;49.97;3.700;206.2;15.24;
1-517;8.605;49.97;3.700;206.2;15.26;
1-518;8.621;49.97;3.700;206.2;15.27;
1-519;8.638;49.97;3.700;206.2;15.29;
1-520;8.655;49.97;3.700;206.3;15.31;
1-521;8.671;49.97;3.700;206.3;15.33;
1-522;8.688;49.97;3.700;206.3;15.35;
1-523;8.705;49.97;3.700;206.3;15.37;
1-524;8.721;49.97;3.700;206.3;15.39;
1-525;8.738;49.97;3.700;206.3;15.41;
1-526;8.755;49.97;3.700;206.3;15.43;
1-527;8.771;49.97;3.700;206.3;15.45;
1-528;8.788;49.97;3.700;206.3;15.47;
1-529;8.805;49.97;3.700;206.3;15.49;
1-530;8.821;49.97;3.700;206.4;15.51;
1-531;8.838;49.97;3.700;206.4;15.53;
1-532;8.855;49.97;3.700;206.4;15.55;
1-533;8.871;49.97;3.700;206.4;15.56;
1-534;8.888;49.97;3.700;206.4;15.58;
1-535;8.905;49.97;3.700;206.4;15.60;
1-536;8.921;49.97;3.700;206.4;15.62;
1-537;8.938;49.97;3.700;206.4;15.64;
1-538;8.955;49.97;3.700;206.4;15.66;
1-539;8.971;49.97;3.600;206.5;15.68;
1-540;8.988;49.97;3.600;206.5;15.70;
1-541;9.005;49.97;3.600;206.4;15.72;
1-542;9.021;49.97;3.600;206.5;15.74;
1-543;9.038;49.97;3.600;206.4;15.76;
1-544;9.055;49.97;3.600;206.5;15.77;
1-545;9.071;49.97;3.600;206.5;15.79;
1-546;9.088;49.97;3.600;206.5;15.81;
1-547;9.105;49.97;3.600;206.5;15.83;
1-548;9.121;49.97;3.600;206.5;15.85;
1-549;9.138;49.97;3.600;206.5;15.87;
1-550;9.155;49.97;3.600;206.5;15.89;
1-551;9.171;49.97;3.600;206.5;15.91;
1-552;9.188;49.97;3.700;206.5;15.93;
1-553;9.205;49.97;3.600;206.5;15.95;
1-554;9.221;49.97;3.600;206.5;15.96;
1-555;9.238;49.97;3.600;206.5;15.98;
1-556;9.255;49.97;3.600;206.5;16.00;
1-557;9.271;49.97;3.600;206.5;16.02;
1-558;9.288;49.97;3.600;206.6;16.04;
1-559;9.305;49.97;3.600;206.6;16.06;
1-560;9.321;49.97;3.600;206.5;16.08;
1-561;9.338;49.97;3.600;206.6;16.10;
1-562;9.355;49.97;3.600;206.6;16.11;
1-563;9.371;49.97;3.700;206.6;16.13;
1-564;9.388;49.97;3.600;206.6;16.15;
1-565;9.405;49.97;3.700;206.6;16.17;
1-566;9.421;49.97;3.600;206.6;16.19;
1-567;9.438;49.97;3.700;206.6;16.21;
1-568;9.455;49.97;3.600;206.6;16.23;
1-569;9.471;49.97;3.700;206.6;16.25;
1-570;9.488;49.97;3.700;206.6;16.27;
1-571;9.505;49.97;3.600;206.7;16.29;
1-572;9.521;49.97;3.700;206.6;16.31;
1-573;9.538;49.97;3.700;206.7;16.33;
1-574;9.555;49.97;3.700;206.7;16.34;
1-575;9.571;49.97;3.700;206.7;16.36;
1-576;9.588;49.97;3.600;206.7;16.38;
1-577;9.605;49.97;3.700;206.7;16.40;
1-578;9.621;49.97;3.700;206.7;16.42;
1-579;9.638;49.97;3.700;206.7;16.44;
1-580;9.655;49.97;3.700;206.7;16.46;
1-581;9.671;49.97;3.700;206.7;16.48;
1-582;9.688;49.97;3.600;206.7;16.50;
1-583;9.705;49.97;3.700;206.7;16.52;
1-584;9.721;49.97;3.600;206.7;16.54;
1-585;9.738;49.97;3.700;206.7;16.56;
1-586;9.755;49.97;3.700;206.7;16.58;
1-587;9.771;49.97;3.700;206.7;16.59;
1-588;9.788;49.97;3.700;206.7;16.61;
1-589;9.805;49.97;3.700;206.8;16.63;
1-590;9.821;49.97;3.700;206.8;16.65;
1-591;9.838;49.97;3.700;206.8;16.67;
1-592;9.855;49.97;3.700;206.8;16.69;
1-593;9.871;49.97;3.700;206.8;16.71;
1-594;9.888;49.97;3.700;206.8;16.73;
1-595;9.905;49.97;3.700;206.8;16.75;
1-596;9.921;49.97;3.700;206.8;16.77;
1-597;9.938;49.97;3.700;206.8;16.79;
1-598;9.955;49.97;3.700;206.8;16.81;
1-599;9.971;49.97;3.700;206.8;16.83;
1-600;9.988;49.97;3.700;206.8;16.85;
1-601;10.00;49.97;3.700;206.8;16.87;
1-602;10.02;49.97;3.700;206.8;16.89;
1-603;10.04;49.97;3.700;206.8;16.90;
1-604;10.05;49.97;3.700;206.8;16.92;
1-605;10.07;49.97;3.700;206.8;16.94;
1-606;10.09;49.97;3.700;206.8;16.96;
1-607;10.10;49.97;3.700;206.9;16.98;
1-608;10.12;49.97;3.700;206.9;17.00;
1-609;10.14;49.97;3.700;206.9;17.02;
1-610;10.15;49.97;3.700;206.9;17.04;
1-611;10.17;49.97;3.700;206.9;17.06;
1-612;10.19;49.97;3.700;206.9;17.08;
1-613;10.20;49.97;3.700;206.9;17.10;
1-614;10.22;49.97;3.600;206.9;17.12;
1-615;10.24;49.97;3.700;206.9;17.14;
1-616;10.25;49.97;3.700;206.9;17.16;
1-617;10.27;49.97;3.700;206.9;17.18;
1-618;10.29;49.97;3.700;206.9;17.19;
1-619;10.30;49.97;3.700;206.9;17.21;
1-620;10.32;49.97;3.700;206.9;17.23;
1-621;10.34;49.97;3.700;206.9;17.25;
1-622;10.35;49.97;3.700;206.9;17.27;
1-623;10.37;49.97;3.700;206.9;17.29;
1-624;10.39;49.97;3.700;207.0;17.31;
1-625;10.40;49.97;3.700;207.0;17.33;
1-626;10.42;49.97;3.700;207.0;17.35;
1-627;10.44;49.97;3.700;207.0;17.37;
1-628;10.45;49.97;3.700;207.0;17.39;
1-629;10.47;49.97;3.700;207.0;17.41;
1-630;10.49;49.97;3.700;207.0;17.43;
1-631;10.50;49.97;3.700;207.0;17.45;
1-632;10.52;49.97;3.600;207.0;17.47;
1-633;10.54;49.97;3.700;207.0;17.48;
1-634;10.55;49.97;3.600;207.0;17.50;
1-635;10.57;49.97;3.700;207.0;17.52;
1-636;10.59;49.97;3.700;207.0;17.54;
1-637;10.60;49.97;3.700;207.0;17.56;
1-638;10.62;49.97;3.700;207.0;17.58;
1-639;10.64;49.97;3.700;207.0;17.60;
1-640;10.65;49.97;3.700;207.0;17.62;
1-641;10.67;49.97;3.700;207.0;17.64;
1-642;10.69;49.97;3.700;207.0;17.66;
1-643;10.70;49.97;3.700;207.0;17.68;
1-644;10.72;49.97;3.700;207.0;17.70;
1-645;10.74;49.97;3.700;207.0;17.72;
1-646;10.75;49.97;3.700;207.0;17.74;
1-647;10.77;49.97;3.700;207.1;17.75;
1-648;10.79;49.97;3.700;207.0;17.77;
1-649;10.80;49.97;3.700;207.1;17.79;
1-650;10.82;49.97;3.700;207.1;17.81;
1-651;10.84;49.97;3.700;207.1;17.83;
1-652;10.85;49.97;3.600;207.1;17.85;
1-653;10.87;49.97;3.700;207.1;17.87;
1-654;10.89;49.97;3.700;207.1;17.89;
1-655;10.90;49.97;3.700;207.0;17.91;
1-656;10.92;49.97;3.700;207.1;17.93;
1-657;10.94;49.97;3.700;207.1;17.95;
1-658;10.95;49.97;3.700;207.1;17.97;
1-659;10.97;49.97;3.700;207.1;17.99;
1-660;10.99;49.97;3.700;207.1;18.01;
1-661;11.00;49.97;3.600;207.1;18.03;
1-662;11.02;49.97;3.700;207.1;18.04;
1-663;11.04;49.97;3.700;207.1;18.06;
1-664;11.05;49.97;3.700;207.1;18.08;
1-665;11.07;49.97;3.700;207.1;18.10;
1-666;11.09;49.97;3.700;207.1;18.12;
1-667;11.10;49.97;3.700;207.1;18.14;
1-668;11.12;49.97;3.700;207.1;18.16;
1-669;11.14;49.97;3.700;207.1;18.18;
1-670;11.15;49.97;3.700;207.1;18.20;
1-671;11.17;49.97;3.700;207.1;18.22;
1-672;11.19;49.97;3.600;207.1;18.24;
1-673;11.20;49.97;3.600;207.1;18.26;
1-674;11.22;49.97;3.700;207.1;18.28;
1-675;11.24;49.97;3.600;207.1;18.29;
1-676;11.25;49.97;3.700;207.1;18.31;
1-677;11.27;49.97;3.700;207.1;18.33;
1-678;11.29;49.97;3.700;207.2;18.35;
1-679;11.30;49.97;3.700;207.1;18.37;
1-680;11.32;49.97;3.700;207.1;18.39;
1-681;11.34;49.97;3.700;207.2;18.41;
1-682;11.35;49.97;3.700;207.2;18.43;
1-683;11.37;49.97;3.700;207.1;18.45;
1-684;11.39;49.97;3.700;207.2;18.47;
1-685;11.40;49.97;3.700;207.2;18.49;
1-686;11.42;49.97;3.600;207.2;18.51;
1-687;11.44;49.97;3.700;207.2;18.53;
1-688;11.45;49.97;3.700;207.2;18.55;
1-689;11.47;49.97;3.700;207.2;18.57;
1-690;11.49;49.97;3.700;207.2;18.58;
1-691;11.50;49.97;3.600;207.2;18.60;
1-692;11.52;49.97;3.700;207.2;18.62;
1-693;11.54;49.97;3.600;207.2;18.64;
1-694;11.55;49.97;3.700;207.2;18.66;
1-695;11.57;49.97;3.700;207.2;18.68;
1-696;11.59;49.97;3.700;207.2;18.70;
1-697;11.60;49.97;3.600;207.2;18.72;
1-698;11.62;49.97;3.700;207.2;18.74;
1-699;11.64;49.97;3.600;207.2;18.76;
1-700;11.65;49.97;3.700;207.2;18.78;
1-701;11.67;49.97;3.700;207.2;18.80;
1-702;11.69;49.97;3.700;207.2;18.81;
1-703;11.70;49.97;3.700;207.2;18.83;
1-704;11.72;49.97;3.700;207.2;18.85;
1-705;11.74;49.97;3.700;207.2;18.87;
1-706;11.75;49.97;3.700;207.2;18.89;
1-707;11.77;49.97;3.700;207.2;18.91;
1-708;11.79;49.97;3.700;207.2;18.93;
1-709;11.80;49.97;3.700;207.2;18.95;
1-710;11.82;49.97;3.700;207.2;18.97;
1-711;11.84;49.97;3.700;207.2;18.99;
1-712;11.85;49.97;3.700;207.3;19.01;
1-713;11.87;49.97;3.700;207.3;19.03;
1-714;11.89;49.97;3.700;207.3;19.05;
1-715;11.90;49.97;3.600;207.3;19.07;
1-716;11.92;49.97;3.700;207.3;19.09;
1-717;11.94;49.97;3.700;207.2;19.10;
1-718;11.95;49.97;3.700;207.3;19.12;
1-719;11.97;49.97;3.700;207.3;19.14;
1-720;11.99;49.97;3.700;207.3;19.16;
1-721;12.00;49.97;3.700;207.3;19.18;
1-722;12.02;49.97;3.700;207.3;19.20;
1-723;12.04;49.97;3.700;207.3;19.22;
1-724;12.05;49.97;3.700;207.3;19.24;
1-725;12.07;49.97;3.700;207.3;19.26;
1-726;12.09;49.97;3.600;207.3;19.28;
1-727;12.10;49.97;3.600;207.3;19.30;
1-728;12.12;49.97;3.700;207.3;19.32;
1-729;12.14;49.97;3.600;207.4;19.34;
1-730;12.15;49.97;3.700;207.3;19.35;
1-731;12.17;49.97;3.700;207.3;19.37;
1-732;12.19;49.97;3.700;207.3;19.39;
1-733;12.20;49.97;3.600;207.4;19.41;
1-734;12.22;49.97;3.700;207.4;19.43;
1-735;12.24;49.97;3.700;207.4;19.45;
1-736;12.25;49.97;3.700;207.4;19.47;
1-737;12.27;49.97;3.700;207.3;19.49;
1-738;12.29;49.97;3.700;207.4;19.51;
1-739;12.30;49.97;3.700;207.4;19.53;
1-740;12.32;49.97;3.700;207.4;19.55;
1-741;12.34;49.97;3.700;207.3;19.57;
1-742;12.35;49.97;3.700;207.4;19.59;
1-743;12.37;49.97;3.800;207.4;19.61;
1-744;12.39;49.97;3.700;207.4;19.63;
1-745;12.40;49.97;3.700;207.4;19.65;
1-746;12.42;49.97;3.700;207.4;19.66;
1-747;12.44;49.97;3.700;207.4;19.68;
1-748;12.45;49.97;3.700;207.4;19.70;
1-749;12.47;49.97;3.700;207.4;19.72;
1-750;12.49;49.97;3.800;207.4;19.74;
1-751;12.50;49.97;3.700;207.4;19.76;
1-752;12.52;49.97;3.800;207.4;19.78;
1-753;12.54;49.97;3.700;207.4;19.80;
1-754;12.55;49.97;3.700;207.4;19.82;
1-755;12.57;49.97;3.700;207.4;19.84;
1-756;12.59;49.97;3.700;207.4;19.86;
1-757;12.60;49.97;3.700;207.4;19.88;
1-758;12.62;49.97;3.700;207.4;19.90;
1-759;12.64;49.97;3.700;207.4;19.92;
1-760;12.65;49.97;3.700;207.4;19.94;
1-761;12.67;49.97;3.800;207.4;19.96;
1-762;12.69;49.97;3.700;207.4;19.98;
1-763;12.70;49.97;3.700;207.4;20.00;
1-764;12.72;49.97;3.800;207.4;20.01;
1-765;12.74;49.97;3.700;207.4;20.03;
1-766;12.75;49.97;3.800;207.4;20.05;
1-767;12.77;49.97;3.700;207.4;20.07;
1-768;12.79;49.97;3.800;207.4;20.09;
1-769;12.80;49.97;3.700;207.4;20.11;
1-770;12.82;49.97;3.700;207.4;20.13;
1-771;12.84;49.97;3.700;207.4;20.15;
1-772;12.85;49.97;3.800;207.4;20.17;
1-773;12.87;49.97;3.800;207.4;20.19;
1-774;12.89;49.97;3.700;207.4;20.21;
1-775;12.90;49.97;3.700;207.4;20.23;
1-776;12.92;49.97;3.700;207.4;20.25;
1-777;12.94;49.97;3.700;207.4;20.27;
1-778;12.95;49.97;3.700;207.4;20.29;
1-779;12.97;49.97;3.800;207.4;20.31;
1-780;12.99;49.97;3.700;207.5;20.33;
1-781;13.00;49.97;3.700;207.5;20.35;
1-782;13.02;49.97;3.700;207.5;20.37;
1-783;13.04;49.97;3.700;207.4;20.39;
1-784;13.05;49.97;3.700;207.5;20.41;
1-785;13.07;49.97;3.700;207.5;20.42;
1-786;13.09;49.97;3.800;207.5;20.44;
1-787;13.10;49.97;3.700;207.4;20.46;
1-788;13.12;49.97;3.700;207.5;20.48;
1-789;13.14;49.97;3.700;207.5;20.50;
1-790;13.15;49.97;3.600;207.5;20.52;
1-791;13.17;49.97;3.600;207.5;20.54;
1-792;13.19;49.97;3.600;207.5;20.56;
1-793;13.20;49.97;3.700;207.5;20.58;
1-794;13.22;49.97;3.600;207.5;20.60;
1-795;13.24;49.97;3.600;207.5;20.62;
1-796;13.25;49.97;3.600;207.5;20.64;
1-797;13.27;49.97;3.600;207.5;20.65;
1-798;13.29;49.97;3.600;207.5;20.67;
1-799;13.30;49.97;3.700;207.5;20.69;
1-800;13.32;49.97;3.700;207.5;20.71;
1-801;13.34;49.97;3.600;207.5;20.73;
1-802;13.35;49.97;3.600;207.5;20.75;
1-803;13.37;49.97;3.600;207.5;20.77;
1-804;13.39;49.97;3.600;207.5;20.79;
1-805;13.40;49.97;3.600;207.5;20.81;
1-806;13.42;49.97;3.600;207.5;20.82;
1-807;13.44;49.97;3.600;207.5;20.84;
1-808;13.45;49.97;3.600;207.5;20.86;
1-809;13.47;49.97;3.600;207.5;20.88;
1-810;13.49;49.97;3.600;207.5;20.90;
1-811;13.50;49.97;3.600;207.5;20.92;
1-812;13.52;49.97;3.600;207.5;20.94;
1-813;13.54;49.97;3.700;207.5;20.96;
1-814;13.55;49.97;3.600;207.5;20.98;
1-815;13.57;49.97;3.600;207.5;20.99;
1-816;13.59;49.97;3.600;207.5;21.01;
1-817;13.60;49.97;3.600;207.5;21.03;
1-818;13.62;49.97;3.600;207.5;21.05;
1-819;13.64;49.97;3.600;207.5;21.07;
1-820;13.65;49.97;3.500;207.5;21.09;
1-821;13.67;49.97;3.500;207.5;21.11;
1-822;13.69;49.97;3.600;207.5;21.13;
1-823;13.70;49.97;3.500;207.5;21.14;
1-824;13.72;49.97;3.500;207.5;21.16;
1-825;13.74;49.97;3.500;207.6;21.18;
1-826;13.75;49.97;3.600;207.6;21.20;
1-827;13.77;49.97;3.600;207.6;21.22;
1-828;13.79;49.97;3.600;207.6;21.24;
1-829;13.80;49.97;3.600;207.6;21.26;
1-830;13.82;49.97;3.500;207.6;21.27;
1-831;13.84;49.97;3.600;207.5;21.29;
1-832;13.85;49.97;3.500;207.5;21.31;
1-833;13.87;49.97;3.600;207.6;21.33;
1-834;13.89;49.97;3.600;207.6;21.35;
1-835;13.90;49.97;3.600;207.6;21.37;
1-836;13.92;49.97;3.600;207.6;21.39;
1-837;13.94;49.97;3.600;207.6;21.41;
1-838;13.95;49.97;3.600;207.6;21.42;
1-839;13.97;49.97;3.600;207.6;21.44;
1-840;13.99;49.97;3.700;207.6;21.46;
1-841;14.00;49.97;3.600;207.6;21.48;
1-842;14.02;49.97;3.700;207.6;21.50;
1-843;14.04;49.97;3.700;207.6;21.52;
1-844;14.05;49.97;3.600;207.6;21.54;
1-845;14.07;49.97;3.600;207.6;21.56;
1-846;14.09;49.97;3.600;207.6;21.58;
1-847;14.10;49.97;3.700;207.6;21.60;
1-848;14.12;49.97;3.500;207.6;21.61;
1-849;14.14;49.97;3.600;207.6;21.63;
1-850;14.15;49.97;3.500;207.6;21.65;
1-851;14.17;49.97;3.600;207.6;21.67;
1-852;14.19;49.97;3.500;207.6;21.69;
1-853;14.20;49.97;3.600;207.6;21.71;
1-854;14.22;49.97;3.600;207.6;21.73;
1-855;14.24;49.97;3.600;207.6;21.75;
1-856;14.25;49.97;3.500;207.6;21.76;
1-857;14.27;49.97;3.600;207.6;21.78;
1-858;14.29;49.97;3.600;207.6;21.80;
1-859;14.30;49.97;3.500;207.6;21.82;
1-860;14.32;49.97;3.500;207.6;21.84;
1-861;14.34;49.97;3.600;207.6;21.86;
1-862;14.35;49.97;3.500;207.6;21.88;
1-863;14.37;49.97;3.600;207.6;21.89;
1-864;14.39;49.97;3.600;207.6;21.91;
1-865;14.40;49.97;3.600;207.6;21.93;
1-866;14.42;49.97;3.500;207.6;21.95;
1-867;14.44;49.97;3.600;207.6;21.97;
1-868;14.45;49.97;3.600;207.6;21.99;
1-869;14.47;49.97;3.600;207.6;22.01;
1-870;14.49;49.97;3.500;207.6;22.03;
1-871;14.50;49.97;3.600;207.6;22.04;
1-872;14.52;49.97;3.600;207.6;22.06;
1-873;14.54;49.97;3.600;207.6;22.08;
1-874;14.55;49.97;3.600;207.6;22.10;
1-875;14.57;49.97;3.500;207.6;22.12;
1-876;14.59;49.97;3.600;207.6;22.14;
1-877;14.60;49.97;3.600;207.6;22.16;
1-878;14.62;49.97;3.600;207.6;22.18;
1-879;14.64;49.97;3.600;207.6;22.19;
1-880;14.65;49.97;3.600;207.6;22.21;
1-881;14.67;49.97;3.600;207.6;22.23;
1-882;14.69;49.97;3.600;207.6;22.25;
1-883;14.70;49.97;3.600;207.6;22.27;
1-884;14.72;49.97;3.500;207.6;22.29;
1-885;14.74;49.97;3.600;207.6;22.31;
1-886;14.75;49.97;3.600;207.6;22.33;
1-887;14.77;49.97;3.600;207.6;22.34;
1-888;14.79;49.97;3.600;207.6;22.36;
1-889;14.80;49.97;3.600;207.6;22.38;
1-890;14.82;49.97;3.500;207.6;22.40;
1-891;14.84;49.97;3.600;207.6;22.42;
1-892;14.85;49.97;3.600;207.6;22.44;
1-893;14.87;49.97;3.600;207.6;22.46;
1-894;14.89;49.97;3.600;207.6;22.48;
1-895;14.90;49.97;3.600;207.6;22.49;
1-896;14.92;49.97;3.600;207.6;22.51;
1-897;14.94;49.97;3.600;207.6;22.53;
1-898;14.95;49.97;3.600;207.6;22.55;
1-899;14.97;49.97;3.600;207.6;22.57;
1-900;14.99;49.97;3.600;207.6;22.59;
1-901;15.00;49.97;3.600;207.6;22.61;
1-902;15.02;49.97;3.600;207.6;22.63;
1-903;15.04;49.97;3.600;207.6;22.64;
1-904;15.05;49.97;3.600;207.6;22.66;
1-905;15.07;49.97;3.600;207.6;22.68;
1-906;15.09;49.97;3.600;207.6;22.70;
1-907;15.10;49.97;3.600;207.6;22.72;
1-908;15.12;49.97;3.600;207.6;22.74;
1-909;15.14;49.97;3.600;207.6;22.76;
1-910;15.15;49.97;3.600;207.6;22.78;
1-911;15.17;49.97;3.600;207.6;22.80;
1-912;15.19;49.97;3.700;207.7;22.81;
1-913;15.20;49.97;3.600;207.7;22.83;
1-914;15.22;49.97;3.600;207.6;22.85;
1-915;15.24;49.97;3.600;207.7;22.87;
1-916;15.25;49.97;3.600;207.7;22.89;
1-917;15.27;49.97;3.600;207.7;22.91;
1-918;15.29;49.97;3.600;207.7;22.93;
1-919;15.30;49.97;3.600;207.7;22.95;
1-920;15.32;49.97;3.500;207.7;22.97;
1-921;15.34;49.97;3.600;207.7;22.98;
1-922;15.35;49.97;3.600;207.7;23.00;
1-923;15.37;49.97;3.600;207.7;23.02;
1-924;15.39;49.97;3.600;207.7;23.04;
1-925;15.40;49.97;3.700;207.7;23.06;
1-926;15.42;49.97;3.700;207.7;23.08;
1-927;15.44;49.97;3.600;207.7;23.10;
1-928;15.45;49.97;3.700;207.7;23.12;
1-929;15.47;49.97;3.600;207.7;23.14;
1-930;15.49;49.97;3.700;207.7;23.16;
1-931;15.50;49.97;3.600;207.7;23.17;
1-932;15.52;49.97;3.600;207.7;23.19;
1-933;15.54;49.97;3.700;207.7;23.21;
1-934;15.55;49.97;3.700;207.7;23.23;
1-935;15.57;49.97;3.700;207.8;23.25;
1-936;15.59;49.97;3.700;207.7;23.27;
1-937;15.60;49.97;3.700;207.8;23.29;
1-938;15.62;49.97;3.700;207.8;23.31;
1-939;15.64;49.97;3.700;207.7;23.33;
1-940;15.65;49.97;3.700;207.7;23.35;
1-941;15.67;49.97;3.700;207.8;23.37;
1-942;15.69;49.97;3.700;207.8;23.39;
1-943;15.70;49.97;3.700;207.8;23.41;
1-944;15.72;49.97;3.700;207.8;23.43;
1-945;15.74;49.97;3.700;207.8;23.44;
1-946;15.75;49.97;3.700;207.8;23.46;
1-947;15.77;49.97;3.700;207.8;23.48;
1-948;15.79;49.97;3.700;207.8;23.50;
1-949;15.80;49.97;3.600;207.8;23.52;
1-950;15.82;49.97;3.700;207.8;23.54;
1-951;15.84;49.97;3.700;207.8;23.56;
1-952;15.85;49.97;3.700;207.8;23.58;
1-953;15.87;49.97;3.700;207.8;23.60;
1-954;15.89;49.97;3.700;207.8;23.62;
1-955;15.90;49.97;3.800;207.8;23.64;
1-956;15.92;49.97;3.700;207.8;23.66;
1-957;15.94;49.97;3.700;207.8;23.68;
1-958;15.95;49.97;3.700;207.8;23.70;
1-959;15.97;49.97;3.700;207.8;23.72;
1-960;15.99;49.97;3.700;207.8;23.74;
1-961;16.00;49.97;3.700;207.8;23.75;
1-962;16.02;49.97;3.800;207.8;23.77;
1-963;16.04;49.97;3.600;207.8;23.79;
1-964;16.05;49.97;3.700;207.8;23.81;
1-965;16.07;49.97;3.700;207.8;23.83;
1-966;16.09;49.97;3.700;207.8;23.85;
1-967;16.10;49.97;3.700;207.8;23.87;
1-968;16.12;49.97;3.800;207.8;23.89;
1-969;16.14;49.97;3.700;207.8;23.91;
1-970;16.15;49.97;3.700;207.8;23.93;
1-971;16.17;49.97;3.700;207.8;23.95;
1-972;16.19;49.97;3.700;207.8;23.97;
1-973;16.20;49.97;3.800;207.8;23.99;
1-974;16.22;49.97;3.700;207.8;24.01;
1-975;16.24;49.97;3.700;207.8;24.03;
1-976;16.25;49.97;3.700;207.8;24.05;
1-977;16.27;49.97;3.700;207.8;24.07;
1-978;16.29;49.97;3.700;207.8;24.08;
1-979;16.30;49.97;3.700;207.8;24.10;
1-980;16.32;49.97;3.800;207.8;24.12;
1-981;16.34;49.97;3.700;207.8;24.14;
1-982;16.35;49.97;3.800;207.8;24.16;
1-983;16.37;49.97;3.700;207.8;24.18;
1-984;16.39;49.97;3.700;207.8;24.20;
1-985;16.40;49.97;3.700;207.8;24.22;
1-986;16.42;49.97;3.800;207.8;24.24;
1-987;16.44;49.97;3.700;207.8;24.26;
1-988;16.45;49.97;3.700;207.8;24.28;
1-989;16.47;49.97;3.700;207.8;24.30;
1-990;16.49;49.97;3.700;207.8;24.32;
1-991;16.50;49.97;3.800;207.8;24.34;
1-992;16.52;49.97;3.700;207.8;24.36;
1-993;16.54;49.97;3.700;207.9;24.38;
1-994;16.55;49.97;3.800;207.9;24.40;
1-995;16.57;49.97;3.700;207.9;24.42;
1-996;16.59;49.97;3.700;207.9;24.44;
1-997;16.60;49.97;3.700;207.9;24.46;
1-998;16.62;49.97;3.800;207.9;24.48;
1-999;16.64;49.97;3.700;207.9;24.49;
1-1000;16.65;49.97;3.700;207.9;24.51;
1-1001;16.67;49.97;3.800;207.9;24.53;
1-1002;16.69;49.97;3.800;207.9;24.55;
1-1003;16.70;49.97;3.800;207.9;24.57;
1-1004;16.72;49.97;3.800;207.9;24.59;
1-1005;16.74;49.97;3.800;207.9;24.61;
1-1006;16.75;49.97;3.800;207.9;24.63;
1-1007;16.77;49.97;3.800;207.9;24.65;
1-1008;16.79;49.97;3.800;207.9;24.67;
1-1009;16.80;49.97;3.800;207.9;24.69;
1-1010;16.82;49.97;3.800;207.9;24.71;
1-1011;16.84;49.97;3.900;207.9;24.73;
1-1012;16.85;49.97;3.900;207.9;24.75;
1-1013;16.87;49.97;3.900;207.9;24.77;
1-1014;16.89;49.97;3.900;207.9;24.79;
1-1015;16.90;49.97;3.900;207.9;24.81;
1-1016;16.92;49.97;3.900;207.9;24.83;
1-1017;16.94;49.97;3.800;207.9;24.86;
1-1018;16.95;49.97;3.900;207.9;24.88;
1-1019;16.97;49.97;3.800;207.9;24.90;
1-1020;16.99;49.97;3.900;207.9;24.92;
1-1021;17.00;49.97;3.900;207.9;24.94;
1-1022;17.02;49.97;3.800;207.9;24.96;
1-1023;17.04;49.97;3.900;207.9;24.98;
1-1024;17.05;49.97;3.800;207.9;25.00;
1-1025;17.07;49.97;3.800;207.9;25.02;
1-1026;17.09;49.97;3.800;207.9;25.04;
1-1027;17.10;49.97;3.900;208.0;25.06;
1-1028;17.12;49.97;3.800;208.0;25.08;
1-1029;17.14;49.97;3.800;208.0;25.10;
1-1030;17.15;49.97;3.800;207.9;25.12;
1-1031;17.17;49.97;3.800;208.0;25.14;
1-1032;17.19;49.97;3.800;208.0;25.16;
1-1033;17.20;49.97;3.800;208.0;25.18;
1-1034;17.22;49.97;3.900;208.0;25.20;
1-1035;17.24;49.97;3.800;207.9;25.22;
1-1036;17.25;49.97;3.900;208.0;25.24;
1-1037;17.27;49.97;3.900;208.0;25.26;
1-1038;17.29;49.97;3.900;208.0;25.28;
1-1039;17.30;49.97;3.900;208.0;25.30;
1-1040;17.32;49.97;3.900;208.0;25.32;
1-1041;17.34;49.97;4.000;208.0;25.34;
1-1042;17.35;49.97;3.900;208.0;25.36;
1-1043;17.37;49.97;3.900;208.0;25.38;
1-1044;17.39;49.97;3.900;208.0;25.40;
1-1045;17.40;49.97;3.900;208.0;25.42;
1-1046;17.42;49.97;3.900;208.0;25.44;
1-1047;17.44;49.97;3.900;208.0;25.46;
1-1048;17.45;49.97;3.900;208.0;25.48;
1-1049;17.47;49.97;3.900;208.0;25.50;
1-1050;17.49;49.97;3.900;208.0;25.52;
1-1051;17.50;49.97;3.900;208.0;25.54;
1-1052;17.52;49.97;4.000;208.0;25.56;
1-1053;17.54;49.97;3.900;208.0;25.58;
1-1054;17.55;49.97;3.900;208.0;25.60;
1-1055;17.57;49.97;3.900;208.0;25.63;
1-1056;17.59;49.97;4.000;208.0;25.65;
1-1057;17.60;49.97;4.000;208.0;25.67;
1-1058;17.62;49.97;4.000;208.0;25.69;
1-1059;17.64;49.97;4.000;208.0;25.71;
1-1060;17.65;49.97;3.900;208.0;25.73;
1-1061;17.67;49.97;4.000;208.0;25.75;
1-1062;17.69;49.97;3.900;208.0;25.77;
1-1063;17.70;49.97;4.000;208.0;25.79;
1-1064;17.72;49.97;4.000;208.0;25.81;
1-1065;17.74;49.97;4.000;208.0;25.83;
1-1066;17.75;49.97;4.000;208.0;25.85;
1-1067;17.77;49.97;4.100;208.0;25.88;
1-1068;17.79;49.97;4.200;208.0;25.90;
1-1069;17.80;49.97;4.200;208.1;25.92;
1-1070;17.82;49.97;4.200;208.1;25.94;
1-1071;17.84;49.97;4.100;208.1;25.96;
1-1072;17.85;49.97;4.200;208.1;25.98;
1-1073;17.87;49.97;4.100;208.1;26.01;
1-1074;17.89;49.97;4.100;208.1;26.03;
1-1075;17.90;49.97;4.100;208.1;26.05;
1-1076;17.92;49.97;4.000;208.1;26.07;
1-1077;17.94;49.97;4.100;208.1;26.09;
1-1078;17.95;49.97;4.000;208.1;26.11;
1-1079;17.97;49.97;4.100;208.1;26.13;
1-1080;17.99;49.97;4.000;208.1;26.15;
1-1081;18.00;49.97;4.100;208.1;26.18;
1-1082;18.02;49.97;4.100;208.1;26.20;
1-1083;18.04;49.97;4.100;208.1;26.22;
1-1084;18.05;49.97;4.100;208.1;26.24;
1-1085;18.07;49.97;4.100;208.1;26.26;
1-1086;18.09;49.97;4.300;208.1;26.28;
1-1087;18.10;49.97;4.300;208.1;26.31;
1-1088;18.12;49.97;4.300;208.1;26.33;
1-1089;18.14;49.97;4.200;208.1;26.35;
1-1090;18.15;49.97;4.300;208.1;26.37;
1-1091;18.17;49.97;4.200;208.1;26.40;
1-1092;18.19;49.97;4.200;208.1;26.42;
1-1093;18.20;49.97;4.200;208.1;26.44;
1-1094;18.22;49.97;4.300;208.1;26.46;
1-1095;18.24;49.97;4.300;208.2;26.48;
1-1096;18.25;49.97;4.200;208.1;26.51;
1-1097;18.27;49.97;4.200;208.1;26.53;
1-1098;18.29;49.97;4.100;208.1;26.55;
1-1099;18.30;49.97;4.200;208.2;26.57;
1-1100;18.32;49.97;4.200;208.2;26.59;
1-1101;18.34;49.97;4.200;208.2;26.62;
1-1102;18.35;49.97;4.200;208.2;26.64;
1-1103;18.37;49.97;4.200;208.2;26.66;
1-1104;18.39;49.97;4.200;208.2;26.68;
1-1105;18.40;49.97;4.200;208.2;26.70;
1-1106;18.42;49.97;4.400;208.2;26.73;
1-1107;18.44;49.97;4.300;208.2;26.75;
1-1108;18.45;49.97;4.300;208.2;26.77;
1-1109;18.47;49.97;4.400;208.2;26.79;
1-1110;18.49;49.97;4.300;208.2;26.82;
1-1111;18.50;49.97;4.400;208.2;26.84;
1-1112;18.52;49.97;4.300;208.2;26.86;
1-1113;18.54;49.97;4.400;208.2;26.89;
1-1114;18.55;49.97;4.400;208.2;26.91;
1-1115;18.57;49.97;4.500;208.2;26.93;
1-1116;18.59;49.97;4.400;208.2;26.96;
1-1117;18.60;49.97;4.500;208.2;26.98;
1-1118;18.62;49.97;4.700;208.2;27.00;
1-1119;18.64;49.97;4.800;208.2;27.03;
1-1120;18.65;49.97;4.700;208.3;27.05;
1-1121;18.67;49.97;4.700;208.3;27.08;
1-1122;18.69;49.97;4.800;208.3;27.10;
1-1123;18.70;49.97;4.700;208.3;27.13;
1-1124;18.72;49.97;4.800;208.3;27.15;
1-1125;18.74;49.97;4.800;208.3;27.18;
1-1126;18.75;49.97;4.900;208.3;27.20;
1-1127;18.77;49.97;4.900;208.3;27.23;
1-1128;18.79;49.97;4.900;208.3;27.25;
1-1129;18.80;49.97;4.900;208.3;27.28;
1-1130;18.82;49.97;5.000;208.3;27.30;
1-1131;18.84;49.97;5.100;208.3;27.33;
1-1132;18.86;49.97;5.100;208.3;27.36;
1-1133;18.87;49.97;5.200;208.3;27.39;
1-1134;18.89;49.97;5.200;208.4;27.41;
1-1135;18.91;49.97;5.300;208.4;27.44;
1-1136;18.92;49.97;5.400;208.4;27.47;
1-1137;18.94;49.97;5.500;208.4;27.50;
1-1138;18.96;49.97;5.600;208.4;27.53;
1-1139;18.97;49.97;5.600;208.4;27.55;
1-1140;18.99;49.97;5.700;208.4;27.58;
1-1141;19.01;49.97;5.800;208.5;27.61;
1-1142;19.02;49.97;6.000;208.5;27.65;
1-1143;19.04;49.97;6.000;208.5;27.68;
1-1144;19.06;49.97;6.000;208.5;27.71;
1-1145;19.07;49.97;6.200;208.5;27.74;
1-1146;19.09;49.97;6.200;208.5;27.77;
1-1147;19.11;49.97;6.300;208.5;27.81;
1-1148;19.12;49.97;6.500;208.5;27.84;
1-1149;19.14;49.97;6.700;208.6;27.87;
1-1150;19.16;49.97;6.800;208.6;27.91;
1-1151;19.17;49.97;6.900;208.6;27.94;
1-1152;19.19;49.97;7.100;208.6;27.98;
1-1153;19.21;49.97;7.200;208.6;28.02;
1-1154;19.22;49.97;7.300;208.6;28.06;
1-1155;19.24;49.97;7.400;208.6;28.09;
1-1156;19.26;49.97;7.700;208.7;28.13;
1-1157;19.27;49.97;7.700;208.7;28.17;
1-1158;19.29;49.97;8.000;208.8;28.22;
1-1159;19.31;49.97;8.000;208.8;28.26;
1-1160;19.32;49.97;8.300;208.8;28.30;
1-1161;19.34;49.97;8.600;208.9;28.34;
1-1162;19.36;49.97;8.600;208.9;28.39;
1-1163;19.37;49.97;8.900;209.0;28.44;
1-1164;19.39;49.97;9.000;209.0;28.48;
1-1165;19.41;49.97;9.300;209.0;28.53;
1-1166;19.42;49.97;9.500;209.1;28.58;
1-1167;19.44;49.97;9.800;209.2;28.63;
1-1168;19.46;49.97;10.00;209.2;28.68;
1-1169;19.47;49.97;10.20;209.2;28.73;
1-1170;19.49;49.97;10.70;209.3;28.79;
1-1171;19.51;49.97;10.70;209.4;28.85;
1-1172;19.52;49.97;11.30;209.4;28.90;
1-1173;19.54;49.97;11.40;209.5;28.96;
1-1174;19.56;49.97;11.70;209.6;29.02;
1-1175;19.57;49.97;11.90;209.6;29.08;
1-1176;19.59;49.97;12.60;209.8;29.15;
1-1177;19.61;49.97;12.50;209.9;29.21;
1-1178;19.62;49.97;13.10;210.0;29.28;
1-1179;19.64;49.97;13.20;210.1;29.35;
1-1180;19.66;49.97;13.90;210.3;29.42;
1-1181;19.67;49.97;13.60;210.4;29.49;
1-1182;19.69;49.97;14.20;210.6;29.57;
1-1183;19.71;49.97;14.40;210.8;29.64;
1-1184;19.72;49.97;14.90;210.8;29.72;
1-1185;19.74;49.97;15.10;211.1;29.80;
1-1186;19.76;49.97;15.50;211.3;29.88;
1-1187;19.77;49.97;15.30;211.4;29.96;
1-1188;19.79;49.97;15.50;211.5;30.04;
1-1189;19.81;49.97;15.40;211.7;30.12;
1-1190;19.82;49.97;15.80;211.8;30.20;
1-1191;19.84;49.97;16.10;211.9;30.28;
1-1192;19.86;49.97;16.30;212.0;30.37;
1-1193;19.87;49.97;16.50;212.1;30.45;
1-1194;19.89;49.97;17.00;212.2;30.54;
1-1195;19.91;49.97;17.00;212.3;30.63;
1-1196;19.92;49.97;16.90;212.4;30.72;
1-1197;19.94;49.97;17.50;212.5;30.81;
1-1198;19.96;49.97;17.00;212.6;30.90;
1-1199;19.97;49.97;16.40;212.8;30.99;
1-1200;19.99;49.97;17.20;212.8;31.07;
1-1201;20.01;49.97;17.20;213.0;31.16;
1-1202;20.02;49.97;17.30;213.0;31.25;
1-1203;20.04;49.97;17.40;213.1;31.35;
1-1204;20.06;49.97;17.20;213.2;31.44;
1-1205;20.07;49.97;16.80;213.3;31.52;
1-1206;20.09;49.97;17.20;213.4;31.61;
1-1207;20.11;49.97;16.80;213.5;31.70;
1-1208;20.12;49.97;17.20;213.6;31.79;
1-1209;20.14;49.97;17.70;213.6;31.88;
1-1210;20.16;49.97;17.30;213.7;31.97;
1-1211;20.17;49.97;16.30;213.8;32.06;
1-1212;20.19;49.97;16.50;213.9;32.15;
1-1213;20.21;49.97;16.50;214.0;32.23;
1-1214;20.22;49.97;16.40;214.0;32.32;
1-1215;20.24;49.97;16.40;214.1;32.41;
1-1216;20.26;49.97;16.60;214.1;32.49;
1-1217;20.27;49.97;15.60;214.2;32.58;
1-1218;20.29;49.97;15.70;214.2;32.66;
1-1219;20.31;49.97;15.00;214.3;32.74;
1-1220;20.32;49.97;15.50;214.3;32.82;
1-1221;20.34;49.97;14.90;214.3;32.90;
1-1222;20.36;49.97;14.60;214.4;32.98;
1-1223;20.37;49.97;14.80;214.4;33.05;
1-1224;20.39;49.97;13.80;214.4;33.13;
1-1225;20.41;49.97;14.10;214.5;33.20;
1-1226;20.42;49.97;14.00;214.5;33.27;
1-1227;20.44;49.97;13.60;214.5;33.35;
1-1228;20.46;49.97;13.00;214.6;33.42;
1-1229;20.47;49.97;12.80;214.6;33.48;
1-1230;20.49;49.97;12.20;214.6;33.55;
1-1231;20.51;49.97;12.30;214.7;33.61;
1-1232;20.52;49.97;11.70;214.7;33.68;
1-1233;20.54;49.97;11.60;214.7;33.74;
1-1234;20.56;49.97;11.60;214.6;33.80;
1-1235;20.57;49.97;10.70;214.6;33.86;
1-1236;20.59;49.97;10.70;214.6;33.91;
1-1237;20.61;49.97;10.40;214.6;33.97;
1-1238;20.62;49.97;10.10;214.6;34.02;
1-1239;20.64;49.97;10.50;214.6;34.07;
1-1240;20.66;49.97;10.00;214.5;34.13;
1-1241;20.67;49.97;9.900;214.5;34.18;
1-1242;20.69;49.97;9.600;214.4;34.23;
1-1243;20.71;49.97;9.400;214.4;34.28;
1-1244;20.72;49.97;9.300;214.4;34.33;
1-1245;20.74;49.97;9.400;214.4;34.38;
1-1246;20.76;49.97;8.700;214.3;34.43;
1-1247;20.77;49.97;8.400;214.3;34.47;
1-1248;20.79;49.97;8.200;214.3;34.51;
1-1249;20.81;49.97;8.400;214.2;34.56;
1-1250;20.82;49.97;8.800;214.1;34.60;
1-1251;20.84;49.97;8.200;214.1;34.65;
1-1252;20.86;49.97;8.300;214.1;34.69;
1-1253;20.87;49.97;8.100;214.0;34.73;
1-1254;20.89;49.97;7.900;214.0;34.78;
1-1255;20.91;49.97;8.100;214.0;34.82;
1-1256;20.92;49.97;7.900;213.9;34.86;
1-1257;20.94;49.97;8.200;213.9;34.90;
1-1258;20.96;49.97;8.000;213.9;34.94;
1-1259;20.97;49.97;7.800;213.8;34.99;
1-1260;20.99;49.97;7.600;213.8;35.03;
1-1261;21.01;49.97;7.600;213.8;35.07;
1-1262;21.02;49.97;8.200;213.8;35.11;
1-1263;21.04;49.97;7.600;213.7;35.15;
1-1264;21.06;49.97;7.600;213.7;35.19;
1-1265;21.07;49.97;7.500;213.7;35.23;
1-1266;21.09;49.97;7.500;213.7;35.27;
1-1267;21.11;49.97;7.500;213.6;35.31;
1-1268;21.12;49.97;7.800;213.6;35.35;
1-1269;21.14;49.97;7.800;213.6;35.39;
1-1270;21.16;49.97;7.800;213.6;35.43;
1-1271;21.17;49.97;7.600;213.5;35.47;
1-1272;21.19;49.97;7.500;213.5;35.51;
1-1273;21.21;49.97;7.600;213.5;35.55;
1-1274;21.22;49.97;7.600;213.5;35.59;
1-1275;21.24;49.97;8.100;213.4;35.63;
1-1276;21.26;49.97;7.700;213.4;35.67;
1-1277;21.27;49.97;7.500;213.4;35.71;
1-1278;21.29;49.97;7.600;213.4;35.75;
1-1279;21.31;49.97;7.800;213.4;35.79;
1-1280;21.32;49.97;7.700;213.4;35.83;
1-1281;21.34;49.97;7.900;213.4;35.87;
1-1282;21.36;49.97;7.500;213.4;35.91;
1-1283;21.37;49.97;7.500;213.3;35.95;
1-1284;21.39;49.97;7.300;213.3;35.99;
1-1285;21.41;49.97;7.600;213.3;36.03;
1-1286;21.42;49.97;7.400;213.3;36.07;
1-1287;21.44;49.97;8.300;213.2;36.11;
1-1288;21.46;49.97;8.100;213.2;36.15;
1-1289;21.47;49.97;7.900;213.2;36.19;
1-1290;21.49;49.97;7.200;213.2;36.23;
1-1291;21.51;49.97;7.500;213.1;36.27;
1-1292;21.52;49.97;8.500;213.1;36.31;
1-1293;21.54;49.97;7.600;213.1;36.35;
1-1294;21.56;49.97;7.900;213.0;36.40;
1-1295;21.57;49.97;7.600;213.0;36.44;
1-1296;21.59;49.97;7.700;213.0;36.48;
1-1297;21.61;49.97;7.800;213.0;36.52;
1-1298;21.62;49.97;7.600;213.0;36.56;
1-1299;21.64;49.97;8.000;213.0;36.60;
1-1300;21.66;49.97;7.600;213.0;36.64;
1-1301;21.67;49.97;7.600;213.0;36.68;
1-1302;21.69;49.97;7.600;213.0;36.72;
1-1303;21.71;49.97;7.200;213.0;36.76;
1-1304;21.72;49.97;8.000;213.0;36.80;
1-1305;21.74;49.97;7.400;213.0;36.84;
1-1306;21.76;49.97;7.100;212.9;36.87;
1-1307;21.77;49.97;7.800;212.9;36.91;
1-1308;21.79;49.97;7.300;212.9;36.95;
1-1309;21.81;49.97;7.200;212.8;36.99;
1-1310;21.82;49.97;7.900;212.8;37.03;
1-1311;21.84;49.97;7.900;212.8;37.07;
1-1312;21.86;49.97;7.400;212.8;37.11;
1-1313;21.87;49.97;7.500;212.8;37.15;
1-1314;21.89;49.97;8.000;212.8;37.19;
1-1315;21.91;49.97;8.100;212.8;37.23;
1-1316;21.92;49.97;7.300;212.8;37.27;
1-1317;21.94;49.97;7.900;212.9;37.31;
1-1318;21.96;49.97;7.800;212.9;37.35;
1-1319;21.97;49.97;8.000;212.9;37.40;
1-1320;21.99;49.97;8.000;212.8;37.44;
1-1321;22.01;49.97;8.200;212.8;37.48;
1-1322;22.02;49.97;7.800;212.8;37.52;
1-1323;22.04;49.97;7.900;212.8;37.56;
1-1324;22.06;49.97;8.000;212.8;37.60;
1-1325;22.07;49.97;8.700;212.8;37.65;
1-1326;22.09;49.97;7.500;212.8;37.69;
1-1327;22.11;49.97;7.900;212.8;37.73;
1-1328;22.12;49.97;8.300;212.8;37.77;
1-1329;22.14;49.97;7.700;212.8;37.82;
1-1330;22.16;49.97;7.600;212.8;37.86;
1-1331;22.17;49.97;7.800;212.8;37.90;
1-1332;22.19;49.97;8.000;212.8;37.94;
1-1333;22.21;49.97;7.500;212.8;37.98;
1-1334;22.22;49.97;7.400;212.8;38.02;
1-1335;22.24;49.97;7.700;212.7;38.06;
1-1336;22.26;49.97;7.700;212.7;38.10;
1-1337;22.27;49.97;7.200;212.6;38.14;
1-1338;22.29;49.97;7.100;212.6;38.17;
1-1339;22.31;49.97;7.500;212.6;38.21;
1-1340;22.32;49.97;7.200;212.6;38.25;
1-1341;22.34;49.97;7.100;212.6;38.29;
1-1342;22.36;49.97;7.400;212.6;38.33;
1-1343;22.37;49.97;7.400;212.5;38.36;
1-1344;22.39;49.97;7.100;212.5;38.40;
1-1345;22.41;49.97;7.300;212.5;38.44;
1-1346;22.42;49.97;7.200;212.5;38.48;
1-1347;22.44;49.97;7.500;212.5;38.52;
1-1348;22.46;49.97;7.300;212.5;38.55;
1-1349;22.47;49.97;8.200;212.5;38.60;
1-1350;22.49;49.97;7.500;212.4;38.64;
1-1351;22.51;49.97;7.700;212.4;38.68;
1-1352;22.52;49.97;7.600;212.4;38.72;
1-1353;22.54;49.97;7.900;212.4;38.76;
1-1354;22.56;49.97;7.700;212.4;38.80;
1-1355;22.57;49.97;7.800;212.4;38.84;
1-1356;22.59;49.97;8.400;212.4;38.88;
1-1357;22.61;49.97;7.700;212.4;38.92;
1-1358;22.62;49.97;7.700;212.4;38.96;
1-1359;22.64;49.97;7.900;212.4;39.00;
1-1360;22.66;49.97;8.400;212.4;39.05;
1-1361;22.67;49.97;8.200;212.4;39.09;
1-1362;22.69;49.97;8.200;212.4;39.13;
1-1363;22.71;49.97;8.500;212.4;39.18;
1-1364;22.72;49.97;8.300;212.5;39.22;
1-1365;22.74;49.97;8.300;212.5;39.26;
1-1366;22.76;49.97;8.300;212.5;39.31;
1-1367;22.77;49.97;8.700;212.5;39.35;
1-1368;22.79;49.97;8.000;212.5;39.40;
1-1369;22.81;49.97;8.300;212.5;39.44;
1-1370;22.82;49.97;8.300;212.5;39.48;
1-1371;22.84;49.97;8.300;212.5;39.52;
1-1372;22.86;49.97;8.900;212.5;39.57;
1-1373;22.87;49.97;8.300;212.5;39.61;
1-1374;22.89;49.97;9.100;212.5;39.66;
1-1375;22.91;49.97;8.500;212.5;39.71;
1-1376;22.92;49.97;8.800;212.5;39.75;
1-1377;22.94;49.97;8.700;212.5;39.80;
1-1378;22.96;49.97;9.700;212.5;39.85;
1-1379;22.97;49.97;8.000;212.6;39.89;
1-1380;22.99;49.97;7.900;212.6;39.93;
1-1381;23.01;49.97;8.500;212.6;39.98;
1-1382;23.02;49.97;9.100;212.6;40.02;
1-1383;23.04;49.97;9.100;212.6;40.07;
1-1384;23.06;49.97;8.300;212.6;40.12;
1-1385;23.07;49.97;9.400;212.6;40.16;
1-1386;23.09;49.97;8.800;212.6;40.21;
1-1387;23.11;49.97;8.100;212.6;40.25;
1-1388;23.12;49.97;8.000;212.6;40.30;
1-1389;23.14;49.97;8.100;212.6;40.34;
1-1390;23.16;49.97;8.800;212.6;40.38;
1-1391;23.17;49.97;8.100;212.6;40.43;
1-1392;23.19;49.97;7.600;212.6;40.47;
1-1393;23.21;49.97;7.900;212.5;40.51;
1-1394;23.22;49.97;7.800;212.5;40.55;
1-1395;23.24;49.97;7.900;212.5;40.59;
1-1396;23.26;49.97;7.900;212.5;40.63;
1-1397;23.27;49.97;8.200;212.5;40.67;
1-1398;23.29;49.97;8.100;212.5;40.72;
1-1399;23.31;49.97;7.800;212.5;40.76;
1-1400;23.32;49.97;7.900;212.5;40.80;
1-1401;23.34;49.97;7.700;212.5;40.84;
1-1402;23.36;49.97;7.900;212.5;40.88;
1-1403;23.37;49.97;8.400;212.4;40.92;
1-1404;23.39;49.97;7.500;212.4;40.97;
1-1405;23.41;49.97;7.600;212.4;41.00;
1-1406;23.42;49.97;7.800;212.4;41.04;
1-1407;23.44;49.97;7.600;212.4;41.09;
1-1408;23.46;49.97;7.800;212.4;41.13;
1-1409;23.47;49.97;7.700;212.4;41.17;
1-1410;23.49;49.97;7.600;212.4;41.21;
1-1411;23.51;49.97;7.600;212.4;41.25;
1-1412;23.52;49.97;7.800;212.4;41.29;
1-1413;23.54;49.97;7.500;212.4;41.33;
1-1414;23.56;49.97;7.600;212.4;41.37;
1-1415;23.57;49.97;7.600;212.4;41.41;
1-1416;23.59;49.97;7.500;212.4;41.44;
1-1417;23.61;49.97;7.400;212.4;41.48;
1-1418;23.62;49.97;7.500;212.3;41.52;
1-1419;23.64;49.97;7.500;212.3;41.56;
1-1420;23.66;49.97;7.500;212.3;41.60;
1-1421;23.67;49.97;7.500;212.3;41.64;
1-1422;23.69;49.97;7.600;212.3;41.68;
1-1423;23.71;49.97;7.300;212.3;41.72;
1-1424;23.72;49.97;7.600;212.3;41.76;
1-1425;23.74;49.97;7.400;212.3;41.80;
1-1426;23.76;49.97;7.600;212.3;41.84;
1-1427;23.77;49.97;7.500;212.3;41.88;
1-1428;23.79;49.97;7.600;212.3;41.92;
1-1429;23.81;49.97;7.400;212.3;41.95;
1-1430;23.82;49.97;7.500;212.3;41.99;
1-1431;23.84;49.97;7.400;212.3;42.03;
1-1432;23.86;49.97;7.400;212.3;42.07;
1-1433;23.87;49.97;7.600;212.3;42.11;
1-1434;23.89;49.97;7.500;212.3;42.15;
1-1435;23.91;49.97;7.600;212.3;42.19;
1-1436;23.92;49.97;7.600;212.3;42.23;
1-1437;23.94;49.97;7.800;212.3;42.27;
1-1438;23.96;49.97;7.600;212.3;42.31;
1-1439;23.97;49.97;7.700;212.3;42.35;
1-1440;23.99;49.97;7.700;212.3;42.39;
1-1441;24.01;49.97;7.600;212.3;42.43;
1-1442;24.02;49.97;7.800;212.4;42.47;
1-1443;24.04;49.97;7.700;212.4;42.51;
1-1444;24.06;49.97;7.700;212.4;42.55;
1-1445;24.07;49.97;7.500;212.4;42.59;
1-1446;24.09;49.97;7.600;212.4;42.63;
1-1447;24.11;49.97;7.600;212.4;42.67;
1-1448;24.12;49.97;7.600;212.4;42.71;
1-1449;24.14;49.97;7.700;212.4;42.75;
1-1450;24.16;49.97;7.600;212.4;42.79;
1-1451;24.17;49.97;7.800;212.4;42.83;
1-1452;24.19;49.97;7.600;212.4;42.87;
1-1453;24.21;49.97;7.700;212.4;42.91;
1-1454;24.22;49.97;7.800;212.5;42.95;
1-1455;24.24;49.97;7.700;212.5;42.99;
1-1456;24.26;49.97;7.600;212.5;43.03;
1-1457;24.27;49.97;7.800;212.5;43.07;
1-1458;24.29;49.97;7.800;212.5;43.11;
1-1459;24.31;49.97;7.600;212.5;43.15;
1-1460;24.32;49.97;7.800;212.5;43.19;
1-1461;24.34;49.97;7.700;212.5;43.23;
1-1462;24.36;49.97;7.800;212.5;43.28;
1-1463;24.37;49.97;7.700;212.5;43.32;
1-1464;24.39;49.97;7.800;212.6;43.36;
1-1465;24.41;49.97;7.700;212.6;43.40;
1-1466;24.42;49.97;7.700;212.6;43.44;
1-1467;24.44;49.97;7.800;212.6;43.48;
1-1468;24.46;49.97;7.700;212.6;43.52;
1-1469;24.47;49.97;8.000;212.6;43.56;
1-1470;24.49;49.97;7.800;212.6;43.60;
1-1471;24.51;49.97;7.900;212.6;43.64;
1-1472;24.52;49.97;7.900;212.6;43.68;
1-1473;24.54;49.97;7.900;212.6;43.72;
1-1474;24.56;49.97;7.900;212.6;43.77;
1-1475;24.57;49.97;7.900;212.6;43.81;
1-1476;24.59;49.97;8.100;212.6;43.85;
1-1477;24.61;49.97;7.700;212.6;43.89;
1-1478;24.62;49.97;8.000;212.7;43.93;
1-1479;24.64;49.97;7.900;212.7;43.97;
1-1480;24.66;49.97;8.100;212.6;44.02;
1-1481;24.67;49.97;8.000;212.7;44.06;
1-1482;24.69;49.97;8.000;212.7;44.10;
1-1483;24.71;49.97;8.000;212.7;44.14;
1-1484;24.72;49.97;7.900;212.7;44.18;
1-1485;24.74;49.97;8.100;212.7;44.22;
1-1486;24.76;49.97;7.900;212.7;44.27;
1-1487;24.77;49.97;8.200;212.7;44.31;
1-1488;24.79;49.97;7.900;212.8;44.35;
1-1489;24.81;49.97;8.000;212.8;44.39;
1-1490;24.82;49.97;8.000;212.8;44.43;
1-1491;24.84;49.97;8.000;212.8;44.48;
1-1492;24.86;49.97;8.000;212.8;44.52;
1-1493;24.87;49.97;8.000;212.8;44.56;
1-1494;24.89;49.97;8.100;212.8;44.60;
1-1495;24.91;49.97;8.000;212.8;44.64;
1-1496;24.92;49.97;8.100;212.8;44.69;
1-1497;24.94;49.97;8.000;212.8;44.73;
1-1498;24.96;49.97;8.100;212.8;44.77;
1-1499;24.97;49.97;8.100;212.8;44.81;
1-1500;24.99;49.97;8.100;212.8;44.85;
1-1501;25.01;49.97;8.300;212.8;44.90;
1-1502;25.02;49.97;8.100;212.8;44.94;
1-1503;25.04;49.97;8.100;212.8;44.98;
1-1504;25.06;49.97;8.000;212.9;45.03;
1-1505;25.07;49.97;8.300;212.8;45.07;
1-1506;25.09;49.97;8.200;212.8;45.11;
1-1507;25.11;49.97;8.200;212.8;45.15;
1-1508;25.12;49.97;8.100;212.8;45.20;
1-1509;25.14;49.97;8.300;212.9;45.24;
1-1510;25.16;49.97;8.200;212.9;45.28;
1-1511;25.17;49.97;8.200;212.9;45.33;
1-1512;25.19;49.97;8.400;212.9;45.37;
1-1513;25.21;49.97;8.100;212.9;45.41;
1-1514;25.22;49.97;8.300;212.9;45.46;
1-1515;25.24;49.97;8.200;212.9;45.50;
1-1516;25.26;49.97;8.200;212.9;45.54;
1-1517;25.27;49.97;8.300;212.9;45.58;
1-1518;25.29;49.97;8.300;213.0;45.63;
1-1519;25.31;49.97;8.300;213.0;45.67;
1-1520;25.32;49.97;8.200;213.0;45.71;
1-1521;25.34;49.97;8.300;213.0;45.76;
1-1522;25.36;49.97;8.200;213.0;45.80;
1-1523;25.37;49.97;8.400;213.0;45.84;
1-1524;25.39;49.97;8.300;213.0;45.89;
1-1525;25.41;49.97;8.400;213.0;45.93;
1-1526;25.42;49.97;8.200;213.0;45.98;
1-1527;25.44;49.97;8.200;213.0;46.02;
1-1528;25.46;49.97;8.300;213.0;46.06;
1-1529;25.47;49.97;8.300;213.0;46.10;
1-1530;25.49;49.97;8.500;213.0;46.15;
1-1531;25.51;49.97;8.100;213.0;46.19;
1-1532;25.52;49.97;8.400;213.1;46.24;
1-1533;25.54;49.97;8.300;213.0;46.28;
1-1534;25.56;49.97;8.300;213.1;46.32;
1-1535;25.57;49.97;8.300;213.1;46.37;
1-1536;25.59;49.97;8.500;213.1;46.41;
1-1537;25.61;49.97;8.500;213.1;46.45;
1-1538;25.62;49.97;8.300;213.1;46.50;
1-1539;25.64;49.97;8.500;213.1;46.54;
1-1540;25.66;49.97;8.400;213.1;46.59;
1-1541;25.67;49.97;8.500;213.2;46.63;
1-1542;25.69;49.97;8.400;213.2;46.67;
1-1543;25.71;49.97;8.400;213.2;46.72;
1-1544;25.72;49.97;8.300;213.2;46.76;
1-1545;25.74;49.97;8.400;213.2;46.81;
1-1546;25.76;49.97;8.400;213.2;46.85;
1-1547;25.77;49.97;8.400;213.2;46.89;
1-1548;25.79;49.97;8.700;213.2;46.94;
1-1549;25.81;49.97;8.400;213.2;46.98;
1-1550;25.82;49.97;8.400;213.2;47.03;
1-1551;25.84;49.97;8.500;213.2;47.07;
1-1552;25.86;49.97;8.500;213.2;47.12;
1-1553;25.87;49.97;8.500;213.2;47.16;
1-1554;25.89;49.97;8.600;213.2;47.21;
1-1555;25.91;49.97;8.500;213.2;47.25;
1-1556;25.92;49.97;8.300;213.2;47.29;
1-1557;25.94;49.97;8.600;213.2;47.34;
1-1558;25.96;49.97;8.400;213.2;47.38;
1-1559;25.97;49.97;8.500;213.2;47.43;
1-1560;25.99;49.97;8.500;213.3;47.47;
1-1561;26.01;49.97;8.600;213.3;47.52;
1-1562;26.02;49.97;8.500;213.3;47.56;
1-1563;26.04;49.97;8.600;213.3;47.61;
1-1564;26.06;49.97;8.600;213.3;47.65;
1-1565;26.07;49.97;8.600;213.3;47.70;
1-1566;26.09;49.97;8.700;213.3;47.74;
1-1567;26.11;49.97;8.500;213.3;47.79;
1-1568;26.12;49.97;8.600;213.4;47.83;
1-1569;26.14;49.97;8.600;213.4;47.88;
1-1570;26.16;49.97;8.600;213.4;47.92;
1-1571;26.17;49.97;8.600;213.4;47.97;
1-1572;26.19;49.97;8.600;213.4;48.01;
1-1573;26.21;49.97;8.700;213.4;48.06;
1-1574;26.22;49.97;8.500;213.4;48.10;
1-1575;26.24;49.97;8.700;213.4;48.15;
1-1576;26.26;49.97;8.500;213.4;48.19;
1-1577;26.27;49.97;8.700;213.4;48.24;
1-1578;26.29;49.97;8.600;213.4;48.28;
1-1579;26.31;49.97;8.900;213.4;48.33;
1-1580;26.32;49.97;8.600;213.4;48.37;
1-1581;26.34;49.97;8.600;213.4;48.42;
1-1582;26.36;49.97;8.800;213.4;48.46;
1-1583;26.37;49.97;8.700;213.4;48.51;
1-1584;26.39;49.97;8.800;213.4;48.56;
1-1585;26.41;49.97;8.700;213.4;48.60;
1-1586;26.42;49.97;8.700;213.4;48.65;
1-1587;26.44;49.97;8.600;213.4;48.69;
1-1588;26.46;49.97;8.700;213.4;48.74;
1-1589;26.47;49.97;8.700;213.4;48.78;
1-1590;26.49;49.97;8.800;213.4;48.83;
1-1591;26.51;49.97;8.800;213.4;48.87;
1-1592;26.52;49.97;8.500;213.5;48.92;
1-1593;26.54;49.97;8.900;213.5;48.97;
1-1594;26.56;49.97;8.700;213.5;49.01;
1-1595;26.57;49.97;8.800;213.5;49.06;
1-1596;26.59;49.97;8.800;213.5;49.10;
1-1597;26.61;49.97;8.800;213.5;49.15;
1-1598;26.62;49.97;8.800;213.5;49.20;
1-1599;26.64;49.97;8.600;213.5;49.24;
1-1600;26.66;49.97;8.800;213.5;49.29;
1-1601;26.67;49.97;8.800;213.5;49.33;
1-1602;26.69;49.97;8.900;213.5;49.38;
1-1603;26.71;49.97;8.800;213.5;49.43;
1-1604;26.72;49.97;8.800;213.6;49.47;
1-1605;26.74;49.97;8.800;213.6;49.52;
1-1606;26.76;49.97;8.800;213.6;49.56;
1-1607;26.77;49.97;8.900;213.6;49.61;
1-1608;26.79;49.97;8.800;213.6;49.66;
1-1609;26.81;49.97;9.000;213.6;49.70;
1-1610;26.82;49.97;8.700;213.6;49.75;
1-1611;26.84;49.97;8.900;213.6;49.79;
1-1612;26.86;49.97;8.800;213.6;49.84;
1-1613;26.87;49.97;8.900;213.6;49.89;
1-1614;26.89;49.97;9.000;213.6;49.93;
1-1615;26.91;49.97;9.000;213.6;49.98;
1-1616;26.92;49.97;8.900;213.6;50.03;
1-1617;26.94;49.97;8.800;213.6;50.07;
1-1618;26.96;49.97;8.900;213.6;50.12;
1-1619;26.97;49.97;8.900;213.6;50.17;
1-1620;26.99;49.97;9.100;213.6;50.21;
1-1621;27.01;49.97;8.800;213.6;50.26;
1-1622;27.02;49.97;8.900;213.6;50.31;
1-1623;27.04;49.97;8.900;213.6;50.35;
1-1624;27.06;49.97;9.000;213.6;50.40;
1-1625;27.07;49.97;8.900;213.6;50.45;
1-1626;27.09;49.97;9.000;213.6;50.49;
1-1627;27.11;49.97;9.100;213.7;50.54;
1-1628;27.12;49.97;8.800;213.7;50.59;
1-1629;27.14;49.97;9.100;213.7;50.64;
1-1630;27.16;49.97;9.000;213.6;50.68;
1-1631;27.17;49.97;9.000;213.7;50.73;
1-1632;27.19;49.97;8.900;213.7;50.78;
1-1633;27.21;49.97;9.100;213.7;50.82;
1-1634;27.22;49.97;9.100;213.7;50.87;
1-1635;27.24;49.97;8.900;213.7;50.92;
1-1636;27.26;49.97;9.000;213.7;50.97;
1-1637;27.27;49.97;8.800;213.6;51.01;
1-1638;27.29;49.97;9.100;213.6;51.06;
1-1639;27.31;49.97;9.000;213.7;51.11;
1-1640;27.32;49.97;9.100;213.7;51.15;
1-1641;27.34;49.97;9.000;213.7;51.20;
1-1642;27.36;49.97;9.000;213.7;51.25;
1-1643;27.37;49.97;9.000;213.7;51.30;
1-1644;27.39;49.97;9.000;213.7;51.34;
1-1645;27.41;49.97;9.300;213.7;51.39;
1-1646;27.42;49.97;9.100;213.7;51.44;
1-1647;27.44;49.97;9.000;213.7;51.49;
1-1648;27.46;49.97;9.100;213.7;51.53;
1-1649;27.47;49.97;9.000;213.7;51.58;
1-1650;27.49;49.97;9.000;213.7;51.63;
1-1651;27.51;49.97;9.200;213.8;51.68;
1-1652;27.52;49.97;9.200;213.8;51.72;
1-1653;27.54;49.97;8.900;213.8;51.77;
1-1654;27.56;49.97;9.300;213.8;51.82;
1-1655;27.57;49.97;9.000;213.8;51.87;
1-1656;27.59;49.97;9.300;213.8;51.91;
1-1657;27.61;49.97;9.000;213.8;51.96;
1-1658;27.62;49.97;9.200;213.8;52.01;
1-1659;27.64;49.97;9.100;213.8;52.06;
1-1660;27.66;49.97;9.100;213.8;52.11;
1-1661;27.67;49.97;9.100;213.8;52.15;
1-1662;27.69;49.97;9.200;213.8;52.20;
1-1663;27.71;49.97;9.200;213.8;52.25;
1-1664;27.72;49.97;9.100;213.8;52.30;
1-1665;27.74;49.97;9.100;213.8;52.34;
1-1666;27.76;49.97;9.100;213.8;52.39;
1-1667;27.77;49.97;9.100;213.8;52.44;
1-1668;27.79;49.97;9.200;213.8;52.49;
1-1669;27.81;49.97;9.100;213.8;52.54;
1-1670;27.82;49.97;9.300;213.9;52.58;
1-1671;27.84;49.97;9.100;213.9;52.63;
1-1672;27.86;49.97;9.300;213.9;52.68;
1-1673;27.87;49.97;9.100;213.9;52.73;
1-1674;27.89;49.97;9.300;213.9;52.78;
1-1675;27.91;49.97;9.100;213.9;52.82;
1-1676;27.92;49.97;9.300;213.9;52.87;
1-1677;27.94;49.97;9.100;213.9;52.92;
1-1678;27.96;49.97;9.200;213.9;52.97;
1-1679;27.97;49.97;9.200;213.9;53.02;
1-1680;27.99;49.97;9.100;213.9;53.06;
1-1681;28.01;49.97;9.400;213.9;53.11;
1-1682;28.02;49.97;9.200;213.9;53.16;
1-1683;28.04;49.97;9.000;213.9;53.21;
1-1684;28.06;49.97;9.200;213.9;53.26;
1-1685;28.07;49.97;9.200;213.9;53.31;
1-1686;28.09;49.97;9.200;213.9;53.35;
1-1687;28.11;49.97;9.200;213.9;53.40;
1-1688;28.12;49.97;9.300;214.0;53.45;
1-1689;28.14;49.97;9.000;213.9;53.50;
1-1690;28.16;49.97;9.300;214.0;53.55;
1-1691;28.17;49.97;9.100;214.0;53.59;
1-1692;28.19;49.97;9.400;214.0;53.64;
1-1693;28.21;49.97;9.200;214.0;53.69;
1-1694;28.22;49.97;9.300;214.0;53.74;
1-1695;28.24;49.97;9.300;214.0;53.79;
1-1696;28.26;49.97;9.200;214.0;53.84;
1-1697;28.27;49.97;9.300;214.0;53.88;
1-1698;28.29;49.97;9.100;214.0;53.93;
1-1699;28.31;49.97;9.400;214.0;53.98;
1-1700;28.32;49.97;9.200;214.0;54.03;
1-1701;28.34;49.97;9.300;214.0;54.08;
1-1702;28.36;49.97;9.200;214.0;54.13;
1-1703;28.37;49.97;9.300;214.0;54.18;
1-1704;28.39;49.97;9.300;214.0;54.22;
1-1705;28.41;49.97;9.300;214.0;54.27;
1-1706;28.42;49.97;9.400;214.0;54.32;
1-1707;28.44;49.97;9.100;214.0;54.37;
1-1708;28.46;49.97;9.400;214.1;54.42;
1-1709;28.47;49.97;9.300;214.1;54.47;
1-1710;28.49;49.97;9.400;214.1;54.52;
1-1711;28.51;49.97;9.300;214.1;54.56;
1-1712;28.52;49.97;9.400;214.1;54.61;
1-1713;28.54;49.97;9.300;214.1;54.66;
1-1714;28.56;49.97;9.200;214.1;54.71;
1-1715;28.57;49.97;9.400;214.1;54.76;
1-1716;28.59;49.97;9.200;214.1;54.81;
1-1717;28.61;49.97;9.600;214.1;54.86;
1-1718;28.62;49.97;9.400;214.1;54.91;
1-1719;28.64;49.97;9.400;214.1;54.96;
1-1720;28.66;49.97;9.300;214.1;55.01;
1-1721;28.67;49.97;9.300;214.1;55.05;
1-1722;28.69;49.97;9.300;214.1;55.10;
1-1723;28.71;49.97;9.400;214.1;55.15;
1-1724;28.72;49.97;9.600;214.1;55.20;
1-1725;28.74;49.97;9.300;214.1;55.25;
1-1726;28.76;49.97;9.400;214.1;55.30;
1-1727;28.77;49.97;9.200;214.0;55.35;
1-1728;28.79;49.97;9.400;214.0;55.40;
1-1729;28.81;49.97;9.400;214.1;55.45;
1-1730;28.82;49.97;9.500;214.1;55.50;
1-1731;28.84;49.97;9.500;214.1;55.55;
1-1732;28.86;49.97;9.300;214.1;55.59;
1-1733;28.87;49.97;9.500;214.1;55.64;
1-1734;28.89;49.97;9.200;214.1;55.69;
1-1735;28.91;49.97;9.600;214.1;55.74;
1-1736;28.92;49.97;9.400;214.1;55.79;
1-1737;28.94;49.97;9.300;214.1;55.84;
1-1738;28.96;49.97;9.400;214.1;55.89;
1-1739;28.97;49.97;9.300;214.1;55.94;
1-1740;28.99;49.97;9.400;214.1;55.99;
1-1741;29.01;49.97;9.300;214.1;56.04;
1-1742;29.02;49.97;9.700;214.1;56.09;
1-1743;29.04;49.97;9.400;214.1;56.14;
1-1744;29.06;49.97;9.500;214.1;56.19;
1-1745;29.07;49.97;9.400;214.1;56.24;
1-1746;29.09;49.97;9.400;214.1;56.28;
1-1747;29.11;49.97;9.500;214.1;56.33;
1-1748;29.12;49.97;9.600;214.1;56.38;
1-1749;29.14;49.97;9.600;214.1;56.43;
1-1750;29.16;49.97;9.300;214.1;56.48;
1-1751;29.17;49.97;9.600;214.1;56.53;
1-1752;29.19;49.97;9.300;214.1;56.58;
1-1753;29.21;49.97;9.600;214.1;56.63;
1-1754;29.22;49.97;9.500;214.1;56.68;
1-1755;29.24;49.97;9.500;214.1;56.73;
1-1756;29.26;49.97;9.300;214.1;56.78;
1-1757;29.27;49.97;9.600;214.1;56.83;
1-1758;29.29;49.97;9.500;214.1;56.88;
1-1759;29.31;49.97;9.400;214.1;56.93;
1-1760;29.32;49.97;9.800;214.1;56.98;
1-1761;29.34;49.97;9.500;214.1;57.03;
1-1762;29.36;49.97;9.500;214.1;57.08;
1-1763;29.37;49.97;9.400;214.1;57.13;
1-1764;29.39;49.97;9.500;214.1;57.18;
1-1765;29.41;49.97;9.600;214.1;57.23;
1-1766;29.42;49.97;9.600;214.1;57.28;
1-1767;29.44;49.97;9.500;214.1;57.33;
1-1768;29.46;49.97;9.300;214.1;57.38;
1-1769;29.47;49.97;9.600;214.1;57.43;
1-1770;29.49;49.97;9.400;214.1;57.48;
1-1771;29.51;49.97;9.700;214.1;57.53;
1-1772;29.52;49.97;9.500;214.1;57.58;
1-1773;29.54;49.97;9.500;214.1;57.63;
1-1774;29.56;49.97;9.300;214.1;57.68;
1-1775;29.57;49.97;9.600;214.1;57.73;
1-1776;29.59;49.97;9.500;214.1;57.78;
1-1777;29.61;49.97;9.400;214.1;57.83;
1-1778;29.62;49.97;9.700;214.1;57.88;
1-1779;29.64;49.97;9.400;214.1;57.93;
1-1780;29.66;49.97;9.500;214.1;57.97;
1-1781;29.67;49.97;9.500;214.1;58.02;
1-1782;29.69;49.97;9.500;214.1;58.07;
1-1783;29.71;49.97;9.700;214.1;58.12;
1-1784;29.72;49.97;9.600;214.1;58.17;
1-1785;29.74;49.97;9.700;214.1;58.23;
1-1786;29.76;49.97;9.500;214.1;58.28;
1-1787;29.77;49.97;9.700;214.1;58.33;
1-1788;29.79;49.97;9.400;214.1;58.38;
1-1789;29.81;49.97;9.600;214.1;58.43;
1-1790;29.82;49.97;9.600;214.1;58.48;
1-1791;29.84;49.97;9.700;214.1;58.53;
1-1792;29.86;49.97;9.400;214.1;58.58;
1-1793;29.87;49.97;9.600;214.1;58.63;
1-1794;29.89;49.97;9.600;214.1;58.68;
1-1795;29.91;49.97;9.600;214.1;58.73;
1-1796;29.92;49.97;9.700;214.1;58.78;
1-1797;29.94;49.97;9.500;214.1;58.83;
1-1798;29.96;49.97;9.600;214.1;58.88;
1-1799;29.97;49.97;9.600;214.1;58.93;
1-1800;29.99;49.97;9.600;214.1;58.98;
1-1801;30.01;49.97;9.600;214.1;59.03;
1-1802;30.02;49.97;9.600;214.1;59.08;
1-1803;30.04;49.97;9.800;214.1;59.13;
1-1804;30.06;49.97;9.500;214.0;59.18;
1-1805;30.07;49.97;9.700;214.0;59.23;
1-1806;30.09;49.97;9.400;214.1;59.28;
1-1807;30.11;49.97;9.600;214.0;59.33;
1-1808;30.12;49.97;9.600;214.1;59.38;
1-1809;30.14;49.97;9.700;214.0;59.43;
1-1810;30.16;49.97;9.500;214.0;59.48;
1-1811;30.17;49.97;9.600;214.0;59.53;
1-1812;30.19;49.97;9.700;214.0;59.58;
1-1813;30.21;49.97;9.600;214.1;59.63;
1-1814;30.22;49.97;9.800;214.0;59.68;
1-1815;30.24;49.97;9.600;214.1;59.73;
1-1816;30.26;49.97;9.600;214.1;59.78;
1-1817;30.27;49.97;9.600;214.1;59.83;
1-1818;30.29;49.97;9.600;214.0;59.88;
1-1819;30.31;49.97;9.700;214.1;59.93;
1-1820;30.32;49.97;9.600;214.0;59.98;
1-1821;30.34;49.97;9.800;214.1;60.04;
1-1822;30.36;49.97;9.500;214.0;60.09;
1-1823;30.37;49.97;9.800;214.0;60.14;
1-1824;30.39;49.97;9.500;214.1;60.19;
1-1825;30.41;49.97;9.700;214.1;60.24;
1-1826;30.42;49.97;9.600;214.1;60.29;
1-1827;30.44;49.97;9.800;214.1;60.34;
1-1828;30.46;49.97;9.600;214.0;60.39;
1-1829;30.47;49.97;9.600;214.1;60.44;
1-1830;30.49;49.97;9.700;214.0;60.49;
1-1831;30.51;49.97;9.500;214.1;60.54;
1-1832;30.52;49.97;9.900;214.1;60.59;
1-1833;30.54;49.97;9.700;214.1;60.64;
1-1834;30.56;49.97;9.700;214.1;60.69;
1-1835;30.57;49.97;9.600;214.1;60.74;
1-1836;30.59;49.97;9.700;214.1;60.79;
1-1837;30.61;49.97;9.700;214.1;60.84;
1-1838;30.62;49.97;9.600;214.1;60.90;
1-1839;30.64;49.97;9.800;214.1;60.95;
1-1840;30.66;49.97;9.500;214.1;61.00;
1-1841;30.67;49.97;9.700;214.1;61.05;
1-1842;30.69;49.97;9.600;214.1;61.10;
1-1843;30.71;49.97;9.800;214.1;61.15;
1-1844;30.72;49.97;9.600;214.1;61.20;
1-1845;30.74;49.97;9.800;214.1;61.25;
1-1846;30.76;49.97;9.700;214.1;61.30;
1-1847;30.77;49.97;9.600;214.1;61.35;
1-1848;30.79;49.97;9.800;214.1;61.40;
1-1849;30.81;49.97;9.600;214.1;61.45;
1-1850;30.82;49.97;9.900;214.1;61.50;
1-1851;30.84;49.97;9.700;214.1;61.55;
1-1852;30.86;49.97;9.800;214.1;61.61;
1-1853;30.87;49.97;9.600;214.1;61.66;
1-1854;30.89;49.97;9.700;214.1;61.71;
1-1855;30.91;49.97;9.800;214.1;61.76;
1-1856;30.92;49.97;9.700;214.1;61.81;
1-1857;30.94;49.97;9.900;214.1;61.86;
1-1858;30.96;49.97;9.600;214.1;61.91;
1-1859;30.97;49.97;9.800;214.1;61.96;
1-1860;30.99;49.97;9.600;214.1;62.01;
1-1861;31.01;49.97;9.800;214.1;62.06;
1-1862;31.02;49.97;9.700;214.1;62.11;
1-1863;31.04;49.97;9.800;214.1;62.17;
1-1864;31.06;49.97;9.700;214.1;62.22;
1-1865;31.07;49.97;9.600;214.1;62.27;
1-1866;31.09;49.97;9.800;214.1;62.32;
1-1867;31.11;49.97;9.600;214.1;62.37;
1-1868;31.12;49.97;9.900;214.1;62.42;
1-1869;31.14;49.97;9.700;214.1;62.47;
1-1870;31.16;49.97;9.800;214.1;62.52;
1-1871;31.17;49.97;9.700;214.1;62.57;
1-1872;31.19;49.97;9.700;214.1;62.62;
1-1873;31.21;49.97;9.800;214.1;62.67;
1-1874;31.22;49.97;9.700;214.1;62.73;
1-1875;31.24;49.97;9.900;214.1;62.78;
1-1876;31.26;49.97;9.700;214.1;62.83;
1-1877;31.27;49.97;9.800;214.1;62.88;
1-1878;31.29;49.97;9.700;214.1;62.93;
1-1879;31.31;49.97;9.800;214.1;62.98;
1-1880;31.32;49.97;9.800;214.1;63.03;
1-1881;31.34;49.97;9.800;214.1;63.08;
1-1882;31.36;49.97;9.800;214.1;63.14;
1-1883;31.37;49.97;9.600;214.1;63.19;
1-1884;31.39;49.97;9.800;214.1;63.24;
1-1885;31.41;49.97;9.600;214.1;63.29;
1-1886;31.42;49.97;9.900;214.1;63.34;
1-1887;31.44;49.97;9.700;214.1;63.39;
1-1888;31.46;49.97;9.900;214.1;63.44;
1-1889;31.47;49.97;9.700;214.1;63.49;
1-1890;31.49;49.97;9.800;214.1;63.54;
1-1891;31.51;49.97;9.800;214.1;63.59;
1-1892;31.52;49.97;9.700;214.1;63.65;
1-1893;31.54;49.97;9.900;214.1;63.70;
1-1894;31.56;49.97;9.700;214.1;63.75;
1-1895;31.57;49.97;9.900;214.1;63.80;
1-1896;31.59;49.97;9.700;214.1;63.85;
1-1897;31.61;49.97;9.700;214.1;63.90;
1-1898;31.62;49.97;9.800;214.1;63.95;
1-1899;31.64;49.97;9.800;214.1;64.00;
1-1900;31.66;49.97;9.900;214.1;64.06;
1-1901;31.67;49.97;9.600;214.1;64.11;
1-1902;31.69;49.97;9.900;214.1;64.16;
1-1903;31.71;49.97;9.700;214.1;64.21;
1-1904;31.72;49.97;10.00;214.1;64.26;
1-1905;31.74;49.97;9.800;214.1;64.31;
1-1906;31.76;49.97;9.900;214.1;64.36;
1-1907;31.77;49.97;9.700;214.1;64.42;
1-1908;31.79;49.97;9.800;214.1;64.47;
1-1909;31.81;49.97;9.800;214.1;64.52;
1-1910;31.82;49.97;9.800;214.1;64.57;
1-1911;31.84;49.97;9.900;214.1;64.62;
1-1912;31.86;49.97;9.700;214.1;64.67;
1-1913;31.87;49.97;9.800;214.1;64.72;
1-1914;31.89;49.97;9.700;214.1;64.77;
1-1915;31.91;49.97;9.800;214.1;64.82;
1-1916;31.92;49.97;9.800;214.1;64.88;
1-1917;31.94;49.97;9.800;214.1;64.93;
1-1918;31.96;49.97;9.900;214.1;64.98;
1-1919;31.97;49.97;9.600;214.1;65.03;
1-1920;31.99;49.97;9.900;214.1;65.08;
1-1921;32.01;49.97;9.700;214.1;65.13;
1-1922;32.02;49.97;9.900;214.1;65.18;
1-1923;32.04;49.97;9.700;214.1;65.23;
1-1924;32.06;49.97;9.900;214.1;65.29;
1-1925;32.07;49.97;9.700;214.1;65.34;
1-1926;32.09;49.97;9.700;214.1;65.39;
1-1927;32.11;49.97;9.800;214.1;65.44;
1-1928;32.12;49.97;9.800;214.1;65.49;
1-1929;32.14;49.97;9.900;214.1;65.54;
1-1930;32.16;49.97;9.800;214.1;65.59;
1-1931;32.17;49.97;9.800;214.1;65.64;
1-1932;32.19;49.97;9.800;214.1;65.70;
1-1933;32.21;49.97;9.800;214.1;65.75;
1-1934;32.22;49.97;9.800;214.1;65.80;
1-1935;32.24;49.97;9.700;214.1;65.85;
1-1936;32.26;49.97;9.900;214.1;65.90;
1-1937;32.27;49.97;9.600;214.1;65.95;
1-1938;32.29;49.97;9.900;214.1;66.00;
1-1939;32.31;49.97;9.700;214.1;66.05;
1-1940;32.32;49.97;9.900;214.1;66.11;
1-1941;32.34;49.97;9.700;214.1;66.16;
1-1942;32.36;49.97;9.900;214.1;66.21;
1-1943;32.37;49.97;9.800;214.1;66.26;
1-1944;32.39;49.97;9.700;214.1;66.31;
1-1945;32.41;49.97;9.800;214.1;66.36;
1-1946;32.42;49.97;9.700;214.1;66.41;
1-1947;32.44;49.97;9.900;214.1;66.46;
1-1948;32.46;49.97;9.800;214.1;66.52;
1-1949;32.47;49.97;9.800;214.1;66.57;
1-1950;32.49;49.97;9.800;214.1;66.62;
1-1951;32.51;49.97;9.800;214.1;66.67;
1-1952;32.52;49.97;9.900;214.1;66.72;
1-1953;32.54;49.97;9.800;214.1;66.77;
1-1954;32.56;49.97;10.00;214.1;66.82;
1-1955;32.57;49.97;9.600;214.1;66.88;
1-1956;32.59;49.97;9.900;214.1;66.93;
1-1957;32.61;49.97;9.700;214.1;66.98;
1-1958;32.62;49.97;9.900;214.1;67.03;
1-1959;32.64;49.97;9.700;214.1;67.08;
1-1960;32.66;49.97;9.900;214.1;67.13;
1-1961;32.67;49.97;9.800;214.1;67.18;
1-1962;32.69;49.97;9.700;214.1;67.23;
1-1963;32.71;49.97;9.800;214.1;67.29;
1-1964;32.72;49.97;9.700;214.1;67.34;
1-1965;32.74;49.97;9.900;214.1;67.39;
1-1966;32.76;49.97;9.800;214.1;67.44;
1-1967;32.77;49.97;9.800;214.1;67.49;
1-1968;32.79;49.97;9.800;214.1;67.54;
1-1969;32.81;49.97;9.800;214.1;67.59;
1-1970;32.82;49.97;9.700;214.2;67.64;
1-1971;32.84;49.97;9.700;214.2;67.69;
1-1972;32.86;49.97;9.900;214.2;67.75;
1-1973;32.87;49.97;9.700;214.2;67.80;
1-1974;32.89;49.97;9.800;214.2;67.85;
1-1975;32.91;49.97;9.700;214.2;67.90;
1-1976;32.92;49.97;9.800;214.2;67.95;
1-1977;32.94;49.97;9.800;214.2;68.00;
1-1978;32.96;49.97;9.900;214.2;68.05;
1-1979;32.97;49.97;9.800;214.1;68.11;
1-1980;32.99;49.97;9.700;214.1;68.16;
1-1981;33.01;49.97;9.800;214.1;68.21;
1-1982;33.02;49.97;9.700;214.1;68.26;
1-1983;33.04;49.97;9.900;214.2;68.31;
1-1984;33.06;49.97;9.800;214.2;68.36;
1-1985;33.07;49.97;9.800;214.2;68.41;
1-1986;33.09;49.97;9.700;214.2;68.46;
1-1987;33.11;49.97;9.800;214.2;68.51;
1-1988;33.12;49.97;9.800;214.2;68.57;
1-1989;33.14;49.97;9.800;214.2;68.62;
1-1990;33.16;49.97;9.900;214.2;68.67;
1-1991;33.17;49.97;9.700;214.2;68.72;
1-1992;33.19;49.97;9.800;214.2;68.77;
1-1993;33.21;49.97;9.800;214.2;68.82;
1-1994;33.22;49.97;9.800;214.2;68.87;
1-1995;33.24;49.97;9.700;214.2;68.92;
1-1996;33.26;49.97;9.800;214.2;68.98;
1-1997;33.27;49.97;9.800;214.2;69.03;
1-1998;33.29;49.97;9.700;214.2;69.08;
1-1999;33.31;49.97;9.800;214.2;69.13;
1-2000;33.32;49.97;9.700;214.2;69.18;
1-2001;33.34;49.97;9.800;214.2;69.23;
1-2002;33.36;49.97;9.700;214.2;69.28;
1-2003;33.37;49.97;9.800;214.2;69.33;
1-2004;33.39;49.97;9.700;214.2;69.38;
1-2005;33.41;49.97;9.700;214.2;69.43;
1-2006;33.42;49.97;9.600;214.2;69.49;
1-2007;33.44;49.97;9.700;214.2;69.54;
1-2008;33.46;49.97;9.900;214.2;69.59;
1-2009;33.47;49.97;9.700;214.2;69.64;
1-2010;33.49;49.97;9.700;214.2;69.69;
1-2011;33.51;49.97;9.700;214.2;69.74;
1-2012;33.52;49.97;9.700;214.2;69.79;
1-2013;33.54;49.97;9.800;214.2;69.84;
1-2014;33.56;49.97;9.800;214.2;69.89;
1-2015;33.57;49.97;9.900;214.2;69.94;
1-2016;33.59;49.97;9.700;214.2;70.00;
1-2017;33.61;49.97;9.800;214.2;70.05;
1-2018;33.62;49.97;9.600;214.2;70.10;
1-2019;33.64;49.97;9.800;214.2;70.15;
1-2020;33.66;49.97;9.800;214.2;70.20;
1-2021;33.67;49.97;9.800;214.2;70.25;
1-2022;33.69;49.97;9.700;214.2;70.30;
1-2023;33.71;49.97;9.800;214.2;70.35;
1-2024;33.72;49.97;9.700;214.2;70.40;
1-2025;33.74;49.97;9.800;214.2;70.45;
1-2026;33.76;49.97;9.900;214.2;70.51;
1-2027;33.77;49.97;9.800;214.2;70.56;
1-2028;33.79;49.97;9.800;214.3;70.61;
1-2029;33.81;49.97;9.800;214.3;70.66;
1-2030;33.82;49.97;9.700;214.2;70.71;

