D:\Documents and Settings\All Users\Documents\Thermo\PolySoft\Projects\JanLDHTEST Dec2015.pmp\JanDec_0003.pld


 ;t [min];Revolution Speed [1/min];Torque [Nm];TM [°C];E [kJ];
1-1;0.01277;49.97;23.10;169.5;0.02315;
1-2;0.02943;49.97;23.90;167.7;0.146;
1-3;0.04610;49.97;22.50;160.2;0.268;
1-4;0.06277;49.97;19.70;156.6;0.378;
1-5;0.07943;49.97;19.90;151.6;0.482;
1-6;0.09610;49.97;18.60;148.8;0.582;
1-7;0.113;49.97;18.50;148.0;0.679;
1-8;0.129;49.97;17.10;146.8;0.773;
1-9;0.146;49.97;17.20;147.0;0.862;
1-10;0.163;49.97;15.80;147.6;0.949;
1-11;0.179;49.97;16.00;148.0;1.032;
1-12;0.196;49.97;15.80;148.8;1.115;
1-13;0.213;49.97;15.20;149.8;1.196;
1-14;0.229;49.97;14.90;150.4;1.275;
1-15;0.246;49.97;14.30;151.6;1.351;
1-16;0.263;49.97;14.30;152.9;1.426;
1-17;0.279;49.97;14.00;153.5;1.500;
1-18;0.296;49.97;14.00;154.8;1.574;
1-19;0.313;49.97;13.30;156.2;1.645;
1-20;0.329;49.97;13.40;156.8;1.715;
1-21;0.346;49.97;13.40;158.3;1.785;
1-22;0.363;49.97;12.50;159.6;1.853;
1-23;0.379;49.97;12.80;160.3;1.919;
1-24;0.396;49.97;12.10;161.6;1.984;
1-25;0.413;49.97;12.30;162.9;2.048;
1-26;0.429;49.97;11.50;163.4;2.110;
1-27;0.446;49.97;11.70;164.5;2.171;
1-28;0.463;49.97;10.80;165.7;2.230;
1-29;0.479;49.97;11.10;166.2;2.287;
1-30;0.496;49.97;10.70;167.2;2.344;
1-31;0.513;49.97;10.40;168.2;2.399;
1-32;0.529;49.97;10.10;168.7;2.453;
1-33;0.546;49.97;9.900;169.7;2.505;
1-34;0.563;49.97;9.800;170.5;2.557;
1-35;0.579;49.97;9.400;170.9;2.607;
1-36;0.596;49.97;9.300;171.7;2.656;
1-37;0.613;49.97;9.000;172.5;2.704;
1-38;0.629;49.97;9.000;172.9;2.751;
1-39;0.646;49.97;8.700;173.6;2.797;
1-40;0.663;49.97;8.600;174.3;2.843;
1-41;0.679;49.97;8.600;174.6;2.888;
1-42;0.696;49.97;8.200;175.1;2.932;
1-43;0.713;49.97;8.300;175.7;2.975;
1-44;0.729;49.97;8.000;176.1;3.017;
1-45;0.746;49.97;8.100;176.6;3.060;
1-46;0.763;49.97;7.700;177.1;3.101;
1-47;0.779;49.97;7.800;177.3;3.141;
1-48;0.796;49.97;7.600;177.8;3.182;
1-49;0.813;49.97;7.600;178.2;3.221;
1-50;0.829;49.97;7.600;178.4;3.261;
1-51;0.846;49.97;7.400;178.9;3.300;
1-52;0.863;49.97;7.400;179.2;3.339;
1-53;0.879;49.97;7.300;179.4;3.378;
1-54;0.896;49.97;7.200;179.8;3.416;
1-55;0.913;49.97;7.200;180.1;3.453;
1-56;0.929;49.97;7.200;180.3;3.491;
1-57;0.946;49.97;7.100;180.7;3.528;
1-58;0.963;49.97;6.900;181.0;3.565;
1-59;0.979;49.97;7.000;181.2;3.601;
1-60;0.996;49.97;6.800;181.5;3.638;
1-61;1.013;49.97;6.900;181.8;3.673;
1-62;1.029;49.97;6.700;181.9;3.709;
1-63;1.046;49.97;6.800;182.2;3.744;
1-64;1.063;49.97;6.600;182.4;3.779;
1-65;1.079;49.97;6.600;182.6;3.814;
1-66;1.096;49.97;6.600;182.8;3.848;
1-67;1.113;49.97;6.500;183.1;3.883;
1-68;1.129;49.97;6.600;183.2;3.917;
1-69;1.146;49.97;6.500;183.5;3.951;
1-70;1.163;49.97;6.500;183.7;3.985;
1-71;1.179;49.97;6.400;183.8;4.019;
1-72;1.196;49.97;6.300;184.1;4.052;
1-73;1.213;49.97;6.300;184.3;4.085;
1-74;1.229;49.97;6.300;184.4;4.118;
1-75;1.246;49.97;6.300;184.6;4.151;
1-76;1.263;49.97;6.200;184.9;4.184;
1-77;1.279;49.97;6.200;185.0;4.216;
1-78;1.296;49.97;6.100;185.2;4.249;
1-79;1.313;49.97;6.200;185.4;4.281;
1-80;1.329;49.97;6.100;185.4;4.313;
1-81;1.346;49.97;6.200;185.7;4.345;
1-82;1.363;49.97;6.000;185.9;4.377;
1-83;1.379;49.97;6.100;186.0;4.409;
1-84;1.396;49.97;6.000;186.1;4.440;
1-85;1.413;49.97;6.000;186.3;4.472;
1-86;1.429;49.97;6.000;186.5;4.503;
1-87;1.446;49.97;5.900;186.6;4.534;
1-88;1.463;49.97;5.900;186.8;4.565;
1-89;1.479;49.97;5.800;186.9;4.596;
1-90;1.496;49.97;5.800;187.1;4.626;
1-91;1.513;49.97;5.800;187.2;4.656;
1-92;1.529;49.97;5.800;187.3;4.687;
1-93;1.546;49.97;5.800;187.4;4.717;
1-94;1.563;49.97;5.700;187.6;4.747;
1-95;1.579;49.97;5.800;187.7;4.777;
1-96;1.596;49.97;5.600;187.9;4.807;
1-97;1.613;49.97;5.700;188.0;4.837;
1-98;1.629;49.97;5.600;188.1;4.866;
1-99;1.646;49.97;5.700;188.2;4.896;
1-100;1.663;49.97;5.600;188.3;4.925;
1-101;1.679;49.97;5.600;188.4;4.955;
1-102;1.696;49.97;5.600;188.6;4.984;
1-103;1.713;49.97;5.500;188.7;5.013;
1-104;1.729;49.97;5.500;188.8;5.042;
1-105;1.746;49.97;5.500;188.9;5.071;
1-106;1.763;49.97;5.500;189.1;5.099;
1-107;1.779;49.97;5.400;189.1;5.128;
1-108;1.796;49.97;5.500;189.3;5.156;
1-109;1.813;49.97;5.400;189.4;5.185;
1-110;1.829;49.97;5.400;189.5;5.213;
1-111;1.846;49.97;5.400;189.6;5.242;
1-112;1.863;49.97;5.400;189.8;5.270;
1-113;1.879;49.97;5.500;189.8;5.298;
1-114;1.896;49.97;5.300;189.9;5.327;
1-115;1.913;49.97;5.300;190.1;5.354;
1-116;1.929;49.97;5.300;190.1;5.382;
1-117;1.946;49.97;5.300;190.3;5.410;
1-118;1.963;49.97;5.200;190.4;5.437;
1-119;1.979;49.97;5.200;190.5;5.464;
1-120;1.996;49.97;5.200;190.6;5.492;
1-121;2.013;49.97;5.100;190.7;5.519;
1-122;2.029;49.97;5.200;190.8;5.546;
1-123;2.046;49.97;5.100;190.9;5.573;
1-124;2.063;49.97;5.200;191.0;5.599;
1-125;2.079;49.97;5.100;191.1;5.626;
1-126;2.096;49.97;5.100;191.2;5.653;
1-127;2.113;49.97;5.000;191.3;5.680;
1-128;2.129;49.97;5.100;191.3;5.706;
1-129;2.146;49.97;5.100;191.4;5.733;
1-130;2.163;49.97;5.000;191.6;5.759;
1-131;2.179;49.97;5.100;191.6;5.786;
1-132;2.196;49.97;5.000;191.7;5.812;
1-133;2.213;49.97;5.000;191.8;5.838;
1-134;2.229;49.97;5.000;191.9;5.864;
1-135;2.246;49.97;5.000;192.0;5.890;
1-136;2.263;49.97;4.900;192.1;5.916;
1-137;2.279;49.97;4.900;192.2;5.942;
1-138;2.296;49.97;4.900;192.3;5.968;
1-139;2.313;49.97;4.800;192.4;5.993;
1-140;2.329;49.97;4.900;192.5;6.018;
1-141;2.346;49.97;4.900;192.6;6.044;
1-142;2.363;49.97;4.900;192.7;6.070;
1-143;2.379;49.97;4.800;192.7;6.095;
1-144;2.396;49.97;4.800;192.8;6.120;
1-145;2.413;49.97;4.800;192.9;6.145;
1-146;2.429;49.97;4.800;193.0;6.170;
1-147;2.446;49.97;4.800;193.1;6.196;
1-148;2.463;49.97;4.800;193.2;6.221;
1-149;2.479;49.97;4.800;193.2;6.246;
1-150;2.496;49.97;4.700;193.4;6.271;
1-151;2.513;49.97;4.700;193.4;6.295;
1-152;2.529;49.97;4.700;193.5;6.320;
1-153;2.546;49.97;4.800;193.6;6.345;
1-154;2.563;49.97;4.700;193.7;6.370;
1-155;2.579;49.97;4.700;193.7;6.394;
1-156;2.596;49.97;4.700;193.8;6.419;
1-157;2.613;49.97;4.600;193.9;6.443;
1-158;2.629;49.97;4.700;194.0;6.467;
1-159;2.646;49.97;4.600;194.0;6.492;
1-160;2.663;49.97;4.700;194.2;6.516;
1-161;2.679;49.97;4.500;194.2;6.540;
1-162;2.696;49.97;4.600;194.3;6.564;
1-163;2.713;49.97;4.500;194.4;6.588;
1-164;2.729;49.97;4.600;194.5;6.612;
1-165;2.746;49.97;4.600;194.6;6.636;
1-166;2.763;49.97;4.600;194.6;6.660;
1-167;2.779;49.97;4.500;194.7;6.684;
1-168;2.796;49.97;4.500;194.8;6.707;
1-169;2.813;49.97;4.500;194.8;6.731;
1-170;2.829;49.97;4.500;194.9;6.754;
1-171;2.846;49.97;4.500;195.0;6.778;
1-172;2.863;49.97;4.500;195.1;6.801;
1-173;2.879;49.97;4.500;195.1;6.825;
1-174;2.896;49.97;4.500;195.2;6.848;
1-175;2.913;49.97;4.400;195.3;6.872;
1-176;2.929;49.97;4.400;195.3;6.895;
1-177;2.946;49.97;4.400;195.4;6.918;
1-178;2.963;49.97;4.500;195.5;6.941;
1-179;2.979;49.97;4.400;195.5;6.964;
1-180;2.996;49.97;4.500;195.6;6.988;
1-181;3.013;49.97;4.400;195.7;7.011;
1-182;3.029;49.97;4.400;195.8;7.034;
1-183;3.046;49.97;4.400;195.8;7.057;
1-184;3.063;49.97;4.400;195.9;7.080;
1-185;3.079;49.97;4.400;196.0;7.103;
1-186;3.096;49.97;4.300;196.0;7.126;
1-187;3.113;49.97;4.300;196.1;7.148;
1-188;3.129;49.97;4.300;196.2;7.171;
1-189;3.146;49.97;4.400;196.2;7.194;
1-190;3.163;49.97;4.300;196.3;7.216;
1-191;3.179;49.97;4.300;196.4;7.239;
1-192;3.196;49.97;4.300;196.4;7.261;
1-193;3.213;49.97;4.200;196.5;7.284;
1-194;3.229;49.97;4.200;196.6;7.306;
1-195;3.246;49.97;4.200;196.6;7.328;
1-196;3.263;49.97;4.300;196.7;7.350;
1-197;3.279;49.97;4.200;196.7;7.372;
1-198;3.296;49.97;4.200;196.8;7.394;
1-199;3.313;49.97;4.200;196.9;7.416;
1-200;3.329;49.97;4.200;197.0;7.438;
1-201;3.346;49.97;4.200;197.0;7.460;
1-202;3.363;49.97;4.200;197.0;7.482;
1-203;3.379;49.97;4.200;197.2;7.504;
1-204;3.396;49.97;4.200;197.2;7.526;
1-205;3.413;49.97;4.200;197.3;7.548;
1-206;3.429;49.97;4.100;197.4;7.570;
1-207;3.446;49.97;4.200;197.4;7.591;
1-208;3.463;49.97;4.100;197.5;7.613;
1-209;3.479;49.97;4.100;197.5;7.634;
1-210;3.496;49.97;4.200;197.6;7.656;
1-211;3.513;49.97;4.100;197.6;7.678;
1-212;3.529;49.97;4.100;197.7;7.699;
1-213;3.546;49.97;4.100;197.7;7.721;
1-214;3.563;49.97;4.200;197.8;7.743;
1-215;3.579;49.97;4.100;197.9;7.764;
1-216;3.596;49.97;4.100;197.9;7.786;
1-217;3.613;49.97;4.100;198.0;7.807;
1-218;3.629;49.97;4.100;198.0;7.829;
1-219;3.646;49.97;4.100;198.1;7.850;
1-220;3.663;49.97;4.100;198.2;7.872;
1-221;3.679;49.97;4.100;198.2;7.893;
1-222;3.696;49.97;4.000;198.3;7.914;
1-223;3.713;49.97;4.000;198.3;7.935;
1-224;3.729;49.97;4.000;198.4;7.956;
1-225;3.746;49.97;4.100;198.4;7.977;
1-226;3.763;49.97;4.000;198.5;7.998;
1-227;3.779;49.97;4.000;198.5;8.019;
1-228;3.796;49.97;4.000;198.6;8.040;
1-229;3.813;49.97;4.000;198.6;8.061;
1-230;3.829;49.97;4.000;198.7;8.082;
1-231;3.846;49.97;4.000;198.7;8.103;
1-232;3.863;49.97;4.100;198.8;8.124;
1-233;3.879;49.97;4.000;198.8;8.145;
1-234;3.896;49.97;4.000;198.9;8.166;
1-235;3.913;49.97;4.000;198.9;8.187;
1-236;3.929;49.97;4.000;199.0;8.208;
1-237;3.946;49.97;4.000;199.0;8.229;
1-238;3.963;49.97;4.000;199.1;8.250;
1-239;3.979;49.97;4.000;199.2;8.271;
1-240;3.996;49.97;3.900;199.2;8.292;
1-241;4.013;49.97;4.000;199.2;8.312;
1-242;4.029;49.97;3.900;199.3;8.333;
1-243;4.046;49.97;4.000;199.3;8.354;
1-244;4.063;49.97;3.900;199.4;8.374;
1-245;4.079;49.97;3.900;199.5;8.395;
1-246;4.096;49.97;3.900;199.5;8.415;
1-247;4.113;49.97;3.900;199.5;8.436;
1-248;4.129;49.97;3.900;199.6;8.456;
1-249;4.146;49.97;3.900;199.6;8.476;
1-250;4.163;49.97;3.900;199.7;8.497;
1-251;4.179;49.97;3.900;199.7;8.517;
1-252;4.196;49.97;3.900;199.7;8.538;
1-253;4.213;49.97;3.900;199.8;8.558;
1-254;4.229;49.97;3.800;199.8;8.578;
1-255;4.246;49.97;3.900;199.9;8.598;
1-256;4.263;49.97;3.800;199.9;8.619;
1-257;4.279;49.97;3.900;200.0;8.639;
1-258;4.296;49.97;3.800;200.0;8.659;
1-259;4.313;49.97;3.800;200.0;8.679;
1-260;4.329;49.97;3.800;200.1;8.699;
1-261;4.346;49.97;3.900;200.1;8.719;
1-262;4.363;49.97;3.800;200.2;8.739;
1-263;4.379;49.97;3.800;200.2;8.759;
1-264;4.396;49.97;3.800;200.2;8.779;
1-265;4.413;49.97;3.800;200.3;8.799;
1-266;4.429;49.97;3.800;200.3;8.818;
1-267;4.446;49.97;3.800;200.4;8.838;
1-268;4.463;49.97;3.800;200.4;8.858;
1-269;4.479;49.97;3.800;200.5;8.878;
1-270;4.496;49.97;3.800;200.5;8.898;
1-271;4.513;49.97;3.800;200.5;8.918;
1-272;4.529;49.97;3.700;200.6;8.938;
1-273;4.546;49.97;3.800;200.6;8.957;
1-274;4.563;49.97;3.700;200.6;8.977;
1-275;4.579;49.97;3.800;200.7;8.996;
1-276;4.596;49.97;3.700;200.7;9.016;
1-277;4.613;49.97;3.800;200.8;9.036;
1-278;4.629;49.97;3.700;200.8;9.055;
1-279;4.646;49.97;3.800;200.8;9.075;
1-280;4.663;49.97;3.700;200.9;9.095;
1-281;4.679;49.97;3.700;200.9;9.114;
1-282;4.696;49.97;3.700;200.9;9.133;
1-283;4.713;49.97;3.700;201.0;9.153;
1-284;4.729;49.97;3.700;201.0;9.172;
1-285;4.746;49.97;3.700;201.0;9.191;
1-286;4.763;49.97;3.800;201.1;9.211;
1-287;4.779;49.97;3.700;201.1;9.231;
1-288;4.796;49.97;3.700;201.2;9.250;
1-289;4.813;49.97;3.800;201.2;9.270;
1-290;4.829;49.97;3.700;201.2;9.289;
1-291;4.846;49.97;3.700;201.3;9.309;
1-292;4.863;49.97;3.700;201.3;9.328;
1-293;4.879;49.97;3.800;201.3;9.348;
1-294;4.896;49.97;3.700;201.4;9.367;
1-295;4.913;49.97;3.700;201.4;9.387;
1-296;4.929;49.97;3.700;201.4;9.406;
1-297;4.946;49.97;3.800;201.4;9.426;
1-298;4.963;49.97;3.700;201.5;9.445;
1-299;4.979;49.97;3.700;201.5;9.465;
1-300;4.996;49.97;3.700;201.6;9.484;
1-301;5.013;49.97;3.700;201.6;9.503;
1-302;5.029;49.97;3.700;201.6;9.523;
1-303;5.046;49.97;3.700;201.6;9.542;
1-304;5.063;49.97;3.800;201.7;9.562;
1-305;5.079;49.97;3.700;201.7;9.581;
1-306;5.096;49.97;3.700;201.8;9.601;
1-307;5.113;49.97;3.700;201.8;9.620;
1-308;5.129;49.97;3.600;201.8;9.639;
1-309;5.146;49.97;3.700;201.9;9.658;
1-310;5.163;49.97;3.700;201.9;9.678;
1-311;5.179;49.97;3.700;201.9;9.697;
1-312;5.196;49.97;3.600;202.0;9.716;
1-313;5.213;49.97;3.700;202.0;9.735;
1-314;5.229;49.97;3.600;202.0;9.754;
1-315;5.246;49.97;3.700;202.0;9.773;
1-316;5.263;49.97;3.700;202.1;9.793;
1-317;5.279;49.97;3.700;202.1;9.812;
1-318;5.296;49.97;3.600;202.1;9.831;
1-319;5.313;49.97;3.600;202.2;9.850;
1-320;5.329;49.97;3.600;202.2;9.869;
1-321;5.346;49.97;3.600;202.2;9.888;
1-322;5.363;49.97;3.600;202.2;9.906;
1-323;5.379;49.97;3.600;202.3;9.925;
1-324;5.396;49.97;3.600;202.3;9.944;
1-325;5.413;49.97;3.600;202.3;9.963;
1-326;5.429;49.97;3.500;202.4;9.982;
1-327;5.446;49.97;3.600;202.4;10.00;
1-328;5.463;49.97;3.600;202.4;10.02;
1-329;5.479;49.97;3.600;202.4;10.04;
1-330;5.496;49.97;3.500;202.5;10.06;
1-331;5.513;49.97;3.600;202.5;10.08;
1-332;5.529;49.97;3.600;202.6;10.09;
1-333;5.546;49.97;3.600;202.6;10.11;
1-334;5.563;49.97;3.600;202.6;10.13;
1-335;5.579;49.97;3.600;202.6;10.15;
1-336;5.596;49.97;3.600;202.6;10.17;
1-337;5.613;49.97;3.500;202.7;10.19;
1-338;5.629;49.97;3.600;202.7;10.21;
1-339;5.646;49.97;3.500;202.7;10.22;
1-340;5.663;49.97;3.600;202.7;10.24;
1-341;5.679;49.97;3.500;202.8;10.26;
1-342;5.696;49.97;3.500;202.8;10.28;
1-343;5.713;49.97;3.600;202.8;10.30;
1-344;5.729;49.97;3.500;202.8;10.32;
1-345;5.746;49.97;3.500;202.9;10.34;
1-346;5.763;49.97;3.500;202.9;10.35;
1-347;5.779;49.97;3.600;202.9;10.37;
1-348;5.796;49.97;3.500;203.0;10.39;
1-349;5.813;49.97;3.500;203.0;10.41;
1-350;5.829;49.97;3.500;203.0;10.43;
1-351;5.846;49.97;3.500;203.0;10.45;
1-352;5.863;49.97;3.500;203.0;10.46;
1-353;5.879;49.97;3.500;203.1;10.48;
1-354;5.896;49.97;3.600;203.1;10.50;
1-355;5.913;49.97;3.500;203.1;10.52;
1-356;5.929;49.97;3.600;203.2;10.54;
1-357;5.946;49.97;3.500;203.2;10.56;
1-358;5.963;49.97;3.600;203.2;10.58;
1-359;5.979;49.97;3.500;203.2;10.59;
1-360;5.996;49.97;3.600;203.3;10.61;
1-361;6.013;49.97;3.600;203.3;10.63;
1-362;6.029;49.97;3.500;203.3;10.65;
1-363;6.046;49.97;3.500;203.3;10.67;
1-364;6.063;49.97;3.500;203.4;10.69;
1-365;6.079;49.97;3.600;203.4;10.71;
1-366;6.096;49.97;3.500;203.4;10.72;
1-367;6.113;49.97;3.500;203.4;10.74;
1-368;6.129;49.97;3.500;203.4;10.76;
1-369;6.146;49.97;3.500;203.5;10.78;
1-370;6.163;49.97;3.500;203.5;10.80;
1-371;6.179;49.97;3.500;203.5;10.82;
1-372;6.196;49.97;3.500;203.5;10.83;
1-373;6.213;49.97;3.500;203.6;10.85;
1-374;6.229;49.97;3.500;203.6;10.87;
1-375;6.246;49.97;3.500;203.6;10.89;
1-376;6.263;49.97;3.500;203.6;10.91;
1-377;6.279;49.97;3.500;203.6;10.93;
1-378;6.296;49.97;3.500;203.6;10.94;
1-379;6.313;49.97;3.500;203.7;10.96;
1-380;6.329;49.97;3.500;203.7;10.98;
1-381;6.346;49.97;3.500;203.7;11.00;
1-382;6.363;49.97;3.500;203.8;11.02;
1-383;6.379;49.97;3.500;203.8;11.04;
1-384;6.396;49.97;3.400;203.8;11.05;
1-385;6.413;49.97;3.500;203.8;11.07;
1-386;6.429;49.97;3.500;203.8;11.09;
1-387;6.446;49.97;3.400;203.8;11.11;
1-388;6.463;49.97;3.500;203.8;11.13;
1-389;6.479;49.97;3.500;203.9;11.14;
1-390;6.496;49.97;3.500;203.9;11.16;
1-391;6.513;49.97;3.400;203.9;11.18;
1-392;6.529;49.97;3.500;203.9;11.20;
1-393;6.546;49.97;3.400;204.0;11.22;
1-394;6.563;49.97;3.500;204.0;11.23;
1-395;6.579;49.97;3.400;204.0;11.25;
1-396;6.596;49.97;3.400;204.0;11.27;
1-397;6.613;49.97;3.400;204.0;11.29;
1-398;6.629;49.97;3.400;204.0;11.31;
1-399;6.646;49.97;3.500;204.1;11.32;
1-400;6.663;49.97;3.400;204.1;11.34;
1-401;6.679;49.97;3.500;204.1;11.36;
1-402;6.696;49.97;3.400;204.1;11.38;
1-403;6.713;49.97;3.400;204.2;11.40;
1-404;6.729;49.97;3.400;204.2;11.41;
1-405;6.746;49.97;3.400;204.2;11.43;
1-406;6.763;49.97;3.400;204.2;11.45;
1-407;6.779;49.97;3.400;204.2;11.47;
1-408;6.796;49.97;3.500;204.2;11.49;
1-409;6.813;49.97;3.400;204.3;11.50;
1-410;6.829;49.97;3.500;204.3;11.52;
1-411;6.846;49.97;3.400;204.3;11.54;
1-412;6.863;49.97;3.400;204.3;11.56;
1-413;6.879;49.97;3.400;204.3;11.58;
1-414;6.896;49.97;3.400;204.3;11.59;
1-415;6.913;49.97;3.500;204.4;11.61;
1-416;6.929;49.97;3.400;204.4;11.63;
1-417;6.946;49.97;3.400;204.4;11.65;
1-418;6.963;49.97;3.400;204.4;11.66;
1-419;6.979;49.97;3.500;204.4;11.68;
1-420;6.996;49.97;3.400;204.5;11.70;
1-421;7.013;49.97;3.500;204.5;11.72;
1-422;7.029;49.97;3.400;204.5;11.74;
1-423;7.046;49.97;3.400;204.5;11.75;
1-424;7.063;49.97;3.400;204.5;11.77;
1-425;7.079;49.97;3.400;204.5;11.79;
1-426;7.096;49.97;3.500;204.6;11.81;
1-427;7.113;49.97;3.400;204.6;11.83;
1-428;7.129;49.97;3.400;204.6;11.84;
1-429;7.146;49.97;3.400;204.6;11.86;
1-430;7.163;49.97;3.400;204.6;11.88;
1-431;7.179;49.97;3.400;204.6;11.90;
1-432;7.196;49.97;3.400;204.6;11.92;
1-433;7.213;49.97;3.400;204.7;11.93;
1-434;7.229;49.97;3.400;204.7;11.95;
1-435;7.246;49.97;3.400;204.7;11.97;
1-436;7.263;49.97;3.400;204.7;11.99;
1-437;7.279;49.97;3.400;204.7;12.00;
1-438;7.296;49.97;3.400;204.7;12.02;
1-439;7.313;49.97;3.400;204.8;12.04;
1-440;7.329;49.97;3.400;204.8;12.06;
1-441;7.346;49.97;3.300;204.8;12.08;
1-442;7.363;49.97;3.400;204.8;12.09;
1-443;7.379;49.97;3.400;204.8;12.11;
1-444;7.396;49.97;3.500;204.8;12.13;
1-445;7.413;49.97;3.400;204.8;12.15;
1-446;7.429;49.97;3.400;204.8;12.16;
1-447;7.446;49.97;3.300;204.9;12.18;
1-448;7.463;49.97;3.400;204.9;12.20;
1-449;7.479;49.97;3.300;204.9;12.22;
1-450;7.496;49.97;3.400;204.9;12.23;
1-451;7.513;49.97;3.300;204.9;12.25;
1-452;7.529;49.97;3.300;205.0;12.27;
1-453;7.546;49.97;3.400;205.0;12.29;
1-454;7.563;49.97;3.300;205.0;12.30;
1-455;7.579;49.97;3.400;205.0;12.32;
1-456;7.596;49.97;3.400;205.0;12.34;
1-457;7.613;49.97;3.400;205.0;12.36;
1-458;7.629;49.97;3.400;205.0;12.38;
1-459;7.646;49.97;3.300;205.0;12.39;
1-460;7.663;49.97;3.400;205.1;12.41;
1-461;7.679;49.97;3.300;205.1;12.43;
1-462;7.696;49.97;3.400;205.1;12.45;
1-463;7.713;49.97;3.300;205.1;12.46;
1-464;7.729;49.97;3.400;205.1;12.48;
1-465;7.746;49.97;3.300;205.1;12.50;
1-466;7.763;49.97;3.300;205.1;12.52;
1-467;7.779;49.97;3.300;205.1;12.53;
1-468;7.796;49.97;3.300;205.2;12.55;
1-469;7.813;49.97;3.300;205.2;12.57;
1-470;7.829;49.97;3.300;205.2;12.58;
1-471;7.846;49.97;3.400;205.2;12.60;
1-472;7.863;49.97;3.300;205.2;12.62;
1-473;7.879;49.97;3.400;205.2;12.64;
1-474;7.896;49.97;3.300;205.2;12.65;
1-475;7.913;49.97;3.400;205.2;12.67;
1-476;7.929;49.97;3.300;205.2;12.69;
1-477;7.946;49.97;3.300;205.2;12.71;
1-478;7.963;49.97;3.300;205.3;12.72;
1-479;7.979;49.97;3.300;205.3;12.74;
1-480;7.996;49.97;3.300;205.3;12.76;
1-481;8.013;49.97;3.300;205.3;12.78;
1-482;8.029;49.97;3.300;205.3;12.79;
1-483;8.046;49.97;3.300;205.3;12.81;
1-484;8.063;49.97;3.300;205.3;12.83;
1-485;8.079;49.97;3.300;205.3;12.85;
1-486;8.096;49.97;3.300;205.4;12.86;
1-487;8.113;49.97;3.300;205.4;12.88;
1-488;8.129;49.97;3.300;205.4;12.90;
1-489;8.146;49.97;3.300;205.4;12.91;
1-490;8.163;49.97;3.300;205.4;12.93;
1-491;8.179;49.97;3.400;205.4;12.95;
1-492;8.196;49.97;3.300;205.4;12.97;
1-493;8.213;49.97;3.300;205.4;12.98;
1-494;8.229;49.97;3.300;205.4;13.00;
1-495;8.246;49.97;3.300;205.4;13.02;
1-496;8.263;49.97;3.300;205.4;13.04;
1-497;8.279;49.97;3.300;205.5;13.05;
1-498;8.296;49.97;3.300;205.5;13.07;
1-499;8.313;49.97;3.300;205.5;13.09;
1-500;8.329;49.97;3.300;205.5;13.10;
1-501;8.346;49.97;3.300;205.5;13.12;
1-502;8.363;49.97;3.300;205.5;13.14;
1-503;8.379;49.97;3.300;205.5;13.16;
1-504;8.396;49.97;3.300;205.6;13.17;
1-505;8.413;49.97;3.300;205.6;13.19;
1-506;8.429;49.97;3.300;205.6;13.21;
1-507;8.446;49.97;3.300;205.6;13.23;
1-508;8.463;49.97;3.300;205.6;13.24;
1-509;8.479;49.97;3.300;205.6;13.26;
1-510;8.496;49.97;3.300;205.6;13.28;
1-511;8.513;49.97;3.300;205.6;13.29;
1-512;8.529;49.97;3.300;205.6;13.31;
1-513;8.546;49.97;3.300;205.6;13.33;
1-514;8.563;49.97;3.300;205.6;13.35;
1-515;8.579;49.97;3.300;205.6;13.36;
1-516;8.596;49.97;3.300;205.7;13.38;
1-517;8.613;49.97;3.300;205.7;13.40;
1-518;8.629;49.97;3.300;205.7;13.42;
1-519;8.646;49.97;3.300;205.7;13.43;
1-520;8.663;49.97;3.300;205.7;13.45;
1-521;8.679;49.97;3.300;205.7;13.47;
1-522;8.696;49.97;3.300;205.7;13.48;
1-523;8.713;49.97;3.300;205.7;13.50;
1-524;8.729;49.97;3.200;205.7;13.52;
1-525;8.746;49.97;3.300;205.8;13.54;
1-526;8.763;49.97;3.300;205.8;13.55;
1-527;8.779;49.97;3.300;205.8;13.57;
1-528;8.796;49.97;3.300;205.8;13.59;
1-529;8.813;49.97;3.300;205.8;13.61;
1-530;8.829;49.97;3.300;205.8;13.62;
1-531;8.846;49.97;3.200;205.8;13.64;
1-532;8.863;49.97;3.300;205.8;13.66;
1-533;8.879;49.97;3.200;205.8;13.67;
1-534;8.896;49.97;3.300;205.8;13.69;
1-535;8.913;49.97;3.300;205.8;13.71;
1-536;8.929;49.97;3.300;205.8;13.72;
1-537;8.946;49.97;3.300;205.8;13.74;
1-538;8.963;49.97;3.200;205.8;13.76;
1-539;8.979;49.97;3.300;205.8;13.78;
1-540;8.996;49.97;3.300;205.8;13.79;
1-541;9.013;49.97;3.300;205.9;13.81;
1-542;9.029;49.97;3.200;205.9;13.83;
1-543;9.046;49.97;3.300;205.9;13.84;
1-544;9.063;49.97;3.200;205.9;13.86;
1-545;9.079;49.97;3.300;206.0;13.88;
1-546;9.096;49.97;3.200;205.9;13.90;
1-547;9.113;49.97;3.300;206.0;13.91;
1-548;9.129;49.97;3.300;206.0;13.93;
1-549;9.146;49.97;3.200;206.0;13.95;
1-550;9.163;49.97;3.300;206.0;13.96;
1-551;9.179;49.97;3.300;206.0;13.98;
1-552;9.196;49.97;3.300;206.0;14.00;
1-553;9.213;49.97;3.200;206.0;14.02;
1-554;9.229;49.97;3.200;206.0;14.03;
1-555;9.246;49.97;3.300;206.0;14.05;
1-556;9.263;49.97;3.200;206.0;14.07;
1-557;9.279;49.97;3.200;206.0;14.08;
1-558;9.296;49.97;3.200;206.0;14.10;
1-559;9.313;49.97;3.300;206.0;14.12;
1-560;9.329;49.97;3.200;206.0;14.13;
1-561;9.346;49.97;3.300;206.0;14.15;
1-562;9.363;49.97;3.200;206.1;14.17;
1-563;9.379;49.97;3.300;206.1;14.18;
1-564;9.396;49.97;3.200;206.1;14.20;
1-565;9.413;49.97;3.300;206.1;14.22;
1-566;9.429;49.97;3.300;206.1;14.24;
1-567;9.446;49.97;3.200;206.1;14.25;
1-568;9.463;49.97;3.200;206.1;14.27;
1-569;9.479;49.97;3.200;206.1;14.29;
1-570;9.496;49.97;3.300;206.1;14.30;
1-571;9.513;49.97;3.200;206.1;14.32;
1-572;9.529;49.97;3.200;206.1;14.34;
1-573;9.546;49.97;3.200;206.1;14.35;
1-574;9.563;49.97;3.200;206.2;14.37;
1-575;9.579;49.97;3.200;206.2;14.39;
1-576;9.596;49.97;3.200;206.2;14.40;
1-577;9.613;49.97;3.300;206.2;14.42;
1-578;9.629;49.97;3.200;206.2;14.44;
1-579;9.646;49.97;3.300;206.2;14.46;
1-580;9.663;49.97;3.200;206.2;14.47;
1-581;9.679;49.97;3.200;206.2;14.49;
1-582;9.696;49.97;3.200;206.2;14.51;
1-583;9.713;49.97;3.200;206.2;14.52;
1-584;9.729;49.97;3.200;206.2;14.54;
1-585;9.746;49.97;3.200;206.2;14.56;
1-586;9.763;49.97;3.200;206.2;14.57;
1-587;9.779;49.97;3.200;206.2;14.59;
1-588;9.796;49.97;3.200;206.2;14.61;
1-589;9.813;49.97;3.200;206.3;14.62;
1-590;9.829;49.97;3.300;206.3;14.64;
1-591;9.846;49.97;3.300;206.3;14.66;
1-592;9.863;49.97;3.200;206.3;14.67;
1-593;9.879;49.97;3.200;206.3;14.69;
1-594;9.896;49.97;3.200;206.3;14.71;
1-595;9.913;49.97;3.300;206.3;14.72;
1-596;9.929;49.97;3.200;206.3;14.74;
1-597;9.946;49.97;3.300;206.3;14.76;
1-598;9.963;49.97;3.200;206.3;14.78;
1-599;9.979;49.97;3.200;206.3;14.79;
1-600;9.996;49.97;3.200;206.3;14.81;
1-601;10.01;49.97;3.200;206.3;14.83;
1-602;10.03;49.97;3.300;206.4;14.84;
1-603;10.05;49.97;3.200;206.4;14.86;
1-604;10.06;49.97;3.200;206.4;14.88;
1-605;10.08;49.97;3.200;206.4;14.89;
1-606;10.10;49.97;3.300;206.4;14.91;
1-607;10.11;49.97;3.200;206.4;14.93;
1-608;10.13;49.97;3.200;206.4;14.94;
1-609;10.15;49.97;3.200;206.4;14.96;
1-610;10.16;49.97;3.200;206.4;14.98;
1-611;10.18;49.97;3.200;206.4;14.99;
1-612;10.20;49.97;3.200;206.4;15.01;
1-613;10.21;49.97;3.200;206.4;15.03;
1-614;10.23;49.97;3.200;206.4;15.04;
1-615;10.25;49.97;3.200;206.4;15.06;
1-616;10.26;49.97;3.200;206.4;15.08;
1-617;10.28;49.97;3.200;206.4;15.10;
1-618;10.30;49.97;3.200;206.4;15.11;
1-619;10.31;49.97;3.200;206.4;15.13;
1-620;10.33;49.97;3.300;206.4;15.15;
1-621;10.35;49.97;3.200;206.4;15.16;
1-622;10.36;49.97;3.200;206.5;15.18;
1-623;10.38;49.97;3.200;206.5;15.20;
1-624;10.40;49.97;3.300;206.5;15.21;
1-625;10.41;49.97;3.200;206.5;15.23;
1-626;10.43;49.97;3.200;206.5;15.25;
1-627;10.45;49.97;3.200;206.5;15.26;
1-628;10.46;49.97;3.200;206.5;15.28;
1-629;10.48;49.97;3.200;206.5;15.30;
1-630;10.50;49.97;3.200;206.5;15.31;
1-631;10.51;49.97;3.200;206.5;15.33;
1-632;10.53;49.97;3.200;206.5;15.35;
1-633;10.55;49.97;3.200;206.5;15.36;
1-634;10.56;49.97;3.200;206.5;15.38;
1-635;10.58;49.97;3.200;206.5;15.40;
1-636;10.60;49.97;3.200;206.5;15.41;
1-637;10.61;49.97;3.200;206.5;15.43;
1-638;10.63;49.97;3.200;206.5;15.45;
1-639;10.65;49.97;3.200;206.5;15.46;
1-640;10.66;49.97;3.200;206.5;15.48;
1-641;10.68;49.97;3.200;206.5;15.50;
1-642;10.70;49.97;3.200;206.5;15.51;
1-643;10.71;49.97;3.200;206.5;15.53;
1-644;10.73;49.97;3.200;206.5;15.55;
1-645;10.75;49.97;3.200;206.6;15.57;
1-646;10.76;49.97;3.200;206.6;15.58;
1-647;10.78;49.97;3.200;206.6;15.60;
1-648;10.80;49.97;3.200;206.6;15.62;
1-649;10.81;49.97;3.200;206.6;15.63;
1-650;10.83;49.97;3.200;206.6;15.65;
1-651;10.85;49.97;3.200;206.6;15.67;
1-652;10.86;49.97;3.200;206.6;15.68;
1-653;10.88;49.97;3.200;206.6;15.70;
1-654;10.90;49.97;3.200;206.6;15.72;
1-655;10.91;49.97;3.200;206.6;15.73;
1-656;10.93;49.97;3.200;206.6;15.75;
1-657;10.95;49.97;3.100;206.6;15.77;
1-658;10.96;49.97;3.200;206.6;15.78;
1-659;10.98;49.97;3.200;206.6;15.80;
1-660;11.00;49.97;3.200;206.6;15.82;
1-661;11.01;49.97;3.200;206.6;15.83;
1-662;11.03;49.97;3.200;206.6;15.85;
1-663;11.05;49.97;3.200;206.6;15.87;
1-664;11.06;49.97;3.200;206.6;15.88;
1-665;11.08;49.97;3.200;206.6;15.90;
1-666;11.10;49.97;3.200;206.6;15.92;
1-667;11.11;49.97;3.200;206.6;15.93;
1-668;11.13;49.97;3.200;206.7;15.95;
1-669;11.15;49.97;3.200;206.7;15.97;
1-670;11.16;49.97;3.200;206.7;15.98;
1-671;11.18;49.97;3.200;206.7;16.00;
1-672;11.20;49.97;3.200;206.7;16.02;
1-673;11.21;49.97;3.200;206.7;16.03;
1-674;11.23;49.97;3.200;206.7;16.05;
1-675;11.25;49.97;3.100;206.7;16.07;
1-676;11.26;49.97;3.200;206.7;16.08;
1-677;11.28;49.97;3.100;206.7;16.10;
1-678;11.30;49.97;3.200;206.7;16.12;
1-679;11.31;49.97;3.200;206.7;16.13;
1-680;11.33;49.97;3.200;206.7;16.15;
1-681;11.35;49.97;3.200;206.7;16.17;
1-682;11.36;49.97;3.200;206.7;16.18;
1-683;11.38;49.97;3.200;206.7;16.20;
1-684;11.40;49.97;3.200;206.7;16.22;
1-685;11.41;49.97;3.200;206.7;16.23;
1-686;11.43;49.97;3.200;206.7;16.25;
1-687;11.45;49.97;3.200;206.7;16.27;
1-688;11.46;49.97;3.200;206.7;16.28;
1-689;11.48;49.97;3.100;206.7;16.30;
1-690;11.50;49.97;3.200;206.7;16.32;
1-691;11.51;49.97;3.200;206.7;16.33;
1-692;11.53;49.97;3.300;206.8;16.35;
1-693;11.55;49.97;3.100;206.8;16.37;
1-694;11.56;49.97;3.200;206.8;16.38;
1-695;11.58;49.97;3.100;206.8;16.40;
1-696;11.60;49.97;3.200;206.8;16.42;
1-697;11.61;49.97;3.200;206.8;16.43;
1-698;11.63;49.97;3.200;206.8;16.45;
1-699;11.65;49.97;3.200;206.8;16.47;
1-700;11.66;49.97;3.200;206.8;16.48;
1-701;11.68;49.97;3.200;206.8;16.50;
1-702;11.70;49.97;3.100;206.8;16.52;
1-703;11.71;49.97;3.200;206.8;16.53;
1-704;11.73;49.97;3.200;206.8;16.55;
1-705;11.75;49.97;3.200;206.8;16.57;
1-706;11.76;49.97;3.200;206.8;16.58;
1-707;11.78;49.97;3.200;206.8;16.60;
1-708;11.80;49.97;3.200;206.8;16.62;
1-709;11.81;49.97;3.200;206.8;16.63;
1-710;11.83;49.97;3.200;206.8;16.65;
1-711;11.85;49.97;3.100;206.8;16.67;
1-712;11.86;49.97;3.200;206.8;16.68;
1-713;11.88;49.97;3.100;206.8;16.70;
1-714;11.90;49.97;3.200;206.8;16.72;
1-715;11.91;49.97;3.200;206.8;16.73;
1-716;11.93;49.97;3.200;206.8;16.75;
1-717;11.95;49.97;3.200;206.8;16.77;
1-718;11.96;49.97;3.200;206.8;16.78;
1-719;11.98;49.97;3.200;206.8;16.80;
1-720;12.00;49.97;3.100;206.8;16.82;
1-721;12.01;49.97;3.200;206.9;16.83;
1-722;12.03;49.97;3.100;206.8;16.85;
1-723;12.05;49.97;3.200;206.9;16.87;
1-724;12.06;49.97;3.200;206.9;16.88;
1-725;12.08;49.97;3.100;206.9;16.90;
1-726;12.10;49.97;3.200;206.8;16.92;
1-727;12.11;49.97;3.200;206.9;16.93;
1-728;12.13;49.97;3.200;206.9;16.95;
1-729;12.15;49.97;3.100;206.9;16.97;
1-730;12.16;49.97;3.200;206.9;16.98;
1-731;12.18;49.97;3.200;206.9;17.00;
1-732;12.20;49.97;3.200;206.9;17.02;
1-733;12.21;49.97;3.200;206.9;17.03;
1-734;12.23;49.97;3.200;206.9;17.05;
1-735;12.25;49.97;3.200;206.9;17.07;
1-736;12.26;49.97;3.200;206.9;17.08;
1-737;12.28;49.97;3.200;206.9;17.10;
1-738;12.30;49.97;3.200;206.9;17.12;
1-739;12.31;49.97;3.200;206.9;17.13;
1-740;12.33;49.97;3.200;206.9;17.15;
1-741;12.35;49.97;3.200;206.9;17.17;
1-742;12.36;49.97;3.200;206.9;17.18;
1-743;12.38;49.97;3.200;206.9;17.20;
1-744;12.40;49.97;3.100;206.9;17.22;
1-745;12.41;49.97;3.200;206.9;17.23;
1-746;12.43;49.97;3.200;207.0;17.25;
1-747;12.45;49.97;3.200;207.0;17.27;
1-748;12.46;49.97;3.200;207.0;17.28;
1-749;12.48;49.97;3.200;207.0;17.30;
1-750;12.50;49.97;3.200;207.0;17.32;
1-751;12.51;49.97;3.200;207.0;17.33;
1-752;12.53;49.97;3.100;207.0;17.35;
1-753;12.55;49.97;3.200;207.0;17.37;
1-754;12.56;49.97;3.100;207.0;17.38;
1-755;12.58;49.97;3.200;207.0;17.40;
1-756;12.60;49.97;3.100;207.0;17.42;
1-757;12.61;49.97;3.200;207.0;17.43;
1-758;12.63;49.97;3.100;207.0;17.45;
1-759;12.65;49.97;3.200;207.0;17.47;
1-760;12.66;49.97;3.200;207.0;17.48;
1-761;12.68;49.97;3.100;207.0;17.50;
1-762;12.70;49.97;3.100;207.0;17.51;
1-763;12.71;49.97;3.100;207.0;17.53;
1-764;12.73;49.97;3.200;207.0;17.55;
1-765;12.75;49.97;3.200;207.0;17.56;
1-766;12.76;49.97;3.200;207.0;17.58;
1-767;12.78;49.97;3.200;207.0;17.60;
1-768;12.80;49.97;3.100;207.0;17.61;
1-769;12.81;49.97;3.200;207.0;17.63;
1-770;12.83;49.97;3.200;207.0;17.65;
1-771;12.85;49.97;3.200;207.0;17.66;
1-772;12.86;49.97;3.100;207.0;17.68;
1-773;12.88;49.97;3.200;207.0;17.70;
1-774;12.90;49.97;3.100;207.0;17.71;
1-775;12.91;49.97;3.200;207.0;17.73;
1-776;12.93;49.97;3.200;207.0;17.75;
1-777;12.95;49.97;3.200;207.0;17.76;
1-778;12.96;49.97;3.200;207.0;17.78;
1-779;12.98;49.97;3.100;207.0;17.80;
1-780;13.00;49.97;3.200;207.0;17.81;
1-781;13.01;49.97;3.200;207.0;17.83;
1-782;13.03;49.97;3.200;207.0;17.85;
1-783;13.05;49.97;3.200;207.0;17.86;
1-784;13.06;49.97;3.200;207.0;17.88;
1-785;13.08;49.97;3.200;207.0;17.90;
1-786;13.10;49.97;3.100;207.0;17.91;
1-787;13.11;49.97;3.200;207.0;17.93;
1-788;13.13;49.97;3.100;207.0;17.95;
1-789;13.15;49.97;3.200;207.0;17.96;
1-790;13.16;49.97;3.100;207.0;17.98;
1-791;13.18;49.97;3.200;207.0;18.00;
1-792;13.20;49.97;3.100;207.0;18.01;
1-793;13.21;49.97;3.100;207.0;18.03;
1-794;13.23;49.97;3.100;207.0;18.04;
1-795;13.25;49.97;3.100;207.1;18.06;
1-796;13.26;49.97;3.100;207.0;18.08;
1-797;13.28;49.97;3.100;207.1;18.09;
1-798;13.30;49.97;3.200;207.1;18.11;
1-799;13.31;49.97;3.200;207.1;18.13;
1-800;13.33;49.97;3.200;207.1;18.14;
1-801;13.35;49.97;3.200;207.1;18.16;
1-802;13.36;49.97;3.200;207.1;18.18;
1-803;13.38;49.97;3.200;207.1;18.19;
1-804;13.40;49.97;3.100;207.1;18.21;
1-805;13.41;49.97;3.100;207.1;18.23;
1-806;13.43;49.97;3.100;207.1;18.24;
1-807;13.45;49.97;3.200;207.1;18.26;
1-808;13.46;49.97;3.100;207.1;18.28;
1-809;13.48;49.97;3.200;207.1;18.29;
1-810;13.50;49.97;3.200;207.1;18.31;
1-811;13.51;49.97;3.200;207.1;18.33;
1-812;13.53;49.97;3.200;207.1;18.34;
1-813;13.55;49.97;3.200;207.1;18.36;
1-814;13.56;49.97;3.200;207.1;18.38;
1-815;13.58;49.97;3.100;207.1;18.39;
1-816;13.60;49.97;3.200;207.1;18.41;
1-817;13.61;49.97;3.100;207.1;18.43;
1-818;13.63;49.97;3.200;207.1;18.44;
1-819;13.65;49.97;3.100;207.1;18.46;
1-820;13.66;49.97;3.200;207.1;18.47;
1-821;13.68;49.97;3.200;207.1;18.49;
1-822;13.70;49.97;3.100;207.1;18.51;
1-823;13.71;49.97;3.100;207.1;18.52;
1-824;13.73;49.97;3.100;207.1;18.54;
1-825;13.75;49.97;3.200;207.1;18.56;
1-826;13.76;49.97;3.100;207.1;18.57;
1-827;13.78;49.97;3.100;207.1;18.59;
1-828;13.80;49.97;3.100;207.1;18.61;
1-829;13.81;49.97;3.100;207.1;18.62;
1-830;13.83;49.97;3.100;207.1;18.64;
1-831;13.85;49.97;3.200;207.1;18.65;
1-832;13.86;49.97;3.200;207.1;18.67;
1-833;13.88;49.97;3.100;207.1;18.69;
1-834;13.90;49.97;3.100;207.1;18.70;
1-835;13.91;49.97;3.100;207.1;18.72;
1-836;13.93;49.97;3.200;207.1;18.74;
1-837;13.95;49.97;3.100;207.1;18.75;
1-838;13.96;49.97;3.200;207.1;18.77;
1-839;13.98;49.97;3.200;207.1;18.79;
1-840;14.00;49.97;3.100;207.1;18.80;
1-841;14.01;49.97;3.200;207.1;18.82;
1-842;14.03;49.97;3.200;207.1;18.84;
1-843;14.05;49.97;3.200;207.1;18.85;
1-844;14.06;49.97;3.100;207.1;18.87;
1-845;14.08;49.97;3.200;207.1;18.89;
1-846;14.10;49.97;3.200;207.1;18.90;
1-847;14.11;49.97;3.100;207.1;18.92;
1-848;14.13;49.97;3.200;207.1;18.94;
1-849;14.15;49.97;3.200;207.1;18.95;
1-850;14.16;49.97;3.200;207.1;18.97;
1-851;14.18;49.97;3.100;207.1;18.99;
1-852;14.20;49.97;3.200;207.1;19.00;
1-853;14.21;49.97;3.100;207.1;19.02;
1-854;14.23;49.97;3.200;207.1;19.04;
1-855;14.25;49.97;3.100;207.1;19.05;
1-856;14.26;49.97;3.200;207.2;19.07;
1-857;14.28;49.97;3.200;207.2;19.08;
1-858;14.30;49.97;3.100;207.2;19.10;
1-859;14.31;49.97;3.100;207.2;19.12;
1-860;14.33;49.97;3.200;207.2;19.13;
1-861;14.35;49.97;3.200;207.2;19.15;
1-862;14.36;49.97;3.100;207.2;19.17;
1-863;14.38;49.97;3.100;207.2;19.18;
1-864;14.40;49.97;3.100;207.2;19.20;
1-865;14.41;49.97;3.100;207.2;19.22;
1-866;14.43;49.97;3.200;207.2;19.23;
1-867;14.45;49.97;3.100;207.2;19.25;
1-868;14.46;49.97;3.200;207.2;19.27;
1-869;14.48;49.97;3.100;207.2;19.28;
1-870;14.50;49.97;3.200;207.2;19.30;
1-871;14.51;49.97;3.100;207.2;19.31;
1-872;14.53;49.97;3.200;207.2;19.33;
1-873;14.55;49.97;3.200;207.2;19.35;
1-874;14.56;49.97;3.200;207.2;19.36;
1-875;14.58;49.97;3.100;207.2;19.38;
1-876;14.60;49.97;3.100;207.2;19.40;
1-877;14.61;49.97;3.100;207.2;19.41;
1-878;14.63;49.97;3.100;207.2;19.43;
1-879;14.65;49.97;3.200;207.2;19.45;
1-880;14.66;49.97;3.100;207.2;19.46;
1-881;14.68;49.97;3.200;207.2;19.48;
1-882;14.70;49.97;3.100;207.2;19.50;
1-883;14.71;49.97;3.100;207.2;19.51;
1-884;14.73;49.97;3.200;207.2;19.53;
1-885;14.75;49.97;3.200;207.2;19.55;
1-886;14.76;49.97;3.200;207.2;19.56;
1-887;14.78;49.97;3.100;207.2;19.58;
1-888;14.80;49.97;3.200;207.2;19.60;
1-889;14.81;49.97;3.100;207.2;19.61;
1-890;14.83;49.97;3.200;207.2;19.63;
1-891;14.85;49.97;3.100;207.2;19.64;
1-892;14.86;49.97;3.200;207.2;19.66;
1-893;14.88;49.97;3.200;207.2;19.68;
1-894;14.90;49.97;3.100;207.2;19.69;
1-895;14.91;49.97;3.200;207.2;19.71;
1-896;14.93;49.97;3.200;207.2;19.73;
1-897;14.95;49.97;3.200;207.2;19.74;
1-898;14.96;49.97;3.100;207.2;19.76;
1-899;14.98;49.97;3.200;207.2;19.78;
1-900;15.00;49.97;3.200;207.2;19.79;
1-901;15.01;49.97;3.100;207.2;19.81;
1-902;15.03;49.97;3.100;207.2;19.83;
1-903;15.05;49.97;3.100;207.2;19.84;
1-904;15.06;49.97;3.200;207.2;19.86;
1-905;15.08;49.97;3.100;207.2;19.88;
1-906;15.10;49.97;3.100;207.2;19.89;
1-907;15.11;49.97;3.100;207.2;19.91;
1-908;15.13;49.97;3.100;207.2;19.92;
1-909;15.15;49.97;3.100;207.2;19.94;
1-910;15.16;49.97;3.200;207.2;19.96;
1-911;15.18;49.97;3.200;207.2;19.97;
1-912;15.20;49.97;3.100;207.2;19.99;
1-913;15.21;49.97;3.100;207.2;20.01;
1-914;15.23;49.97;3.100;207.2;20.02;
1-915;15.25;49.97;3.200;207.2;20.04;
1-916;15.26;49.97;3.100;207.2;20.06;
1-917;15.28;49.97;3.200;207.2;20.07;
1-918;15.30;49.97;3.200;207.2;20.09;
1-919;15.31;49.97;3.100;207.2;20.11;
1-920;15.33;49.97;3.100;207.2;20.12;
1-921;15.35;49.97;3.200;207.2;20.14;
1-922;15.36;49.97;3.200;207.2;20.16;
1-923;15.38;49.97;3.100;207.2;20.17;
1-924;15.40;49.97;3.200;207.2;20.19;
1-925;15.41;49.97;3.100;207.3;20.20;
1-926;15.43;49.97;3.200;207.3;20.22;
1-927;15.45;49.97;3.100;207.3;20.24;
1-928;15.46;49.97;3.200;207.2;20.25;
1-929;15.48;49.97;3.200;207.3;20.27;
1-930;15.50;49.97;3.200;207.3;20.29;
1-931;15.51;49.97;3.100;207.3;20.30;
1-932;15.53;49.97;3.100;207.3;20.32;
1-933;15.55;49.97;3.200;207.3;20.34;
1-934;15.56;49.97;3.100;207.3;20.35;
1-935;15.58;49.97;3.200;207.3;20.37;
1-936;15.60;49.97;3.200;207.3;20.39;
1-937;15.61;49.97;3.100;207.3;20.40;
1-938;15.63;49.97;3.100;207.3;20.42;
1-939;15.65;49.97;3.100;207.3;20.44;
1-940;15.66;49.97;3.200;207.3;20.45;
1-941;15.68;49.97;3.100;207.3;20.47;
1-942;15.70;49.97;3.200;207.3;20.48;
1-943;15.71;49.97;3.100;207.3;20.50;
1-944;15.73;49.97;3.100;207.3;20.52;
1-945;15.75;49.97;3.100;207.3;20.53;
1-946;15.76;49.97;3.100;207.3;20.55;
1-947;15.78;49.97;3.100;207.3;20.57;
1-948;15.80;49.97;3.100;207.3;20.58;
1-949;15.81;49.97;3.200;207.3;20.60;
1-950;15.83;49.97;3.100;207.3;20.62;
1-951;15.85;49.97;3.200;207.3;20.63;
1-952;15.86;49.97;3.200;207.3;20.65;
1-953;15.88;49.97;3.200;207.3;20.67;
1-954;15.90;49.97;3.200;207.3;20.68;
1-955;15.91;49.97;3.100;207.3;20.70;
1-956;15.93;49.97;3.200;207.3;20.72;
1-957;15.95;49.97;3.200;207.3;20.73;
1-958;15.96;49.97;3.200;207.3;20.75;
1-959;15.98;49.97;3.100;207.3;20.77;
1-960;16.00;49.97;3.200;207.3;20.78;
1-961;16.01;49.97;3.100;207.3;20.80;
1-962;16.03;49.97;3.200;207.3;20.81;
1-963;16.05;49.97;3.100;207.3;20.83;
1-964;16.06;49.97;3.100;207.3;20.85;
1-965;16.08;49.97;3.200;207.3;20.86;
1-966;16.10;49.97;3.100;207.3;20.88;
1-967;16.11;49.97;3.100;207.3;20.90;
1-968;16.13;49.97;3.100;207.3;20.91;
1-969;16.15;49.97;3.200;207.3;20.93;
1-970;16.16;49.97;3.100;207.3;20.95;
1-971;16.18;49.97;3.200;207.3;20.96;
1-972;16.20;49.97;3.200;207.3;20.98;
1-973;16.21;49.97;3.100;207.3;21.00;
1-974;16.23;49.97;3.100;207.3;21.01;
1-975;16.25;49.97;3.100;207.3;21.03;
1-976;16.26;49.97;3.200;207.3;21.04;
1-977;16.28;49.97;3.100;207.3;21.06;
1-978;16.30;49.97;3.200;207.3;21.08;
1-979;16.31;49.97;3.200;207.3;21.09;
1-980;16.33;49.97;3.100;207.3;21.11;
1-981;16.35;49.97;3.200;207.3;21.13;
1-982;16.36;49.97;3.200;207.3;21.14;
1-983;16.38;49.97;3.200;207.3;21.16;
1-984;16.40;49.97;3.100;207.3;21.18;
1-985;16.41;49.97;3.200;207.3;21.19;
1-986;16.43;49.97;3.200;207.3;21.21;
1-987;16.45;49.97;3.200;207.4;21.23;
1-988;16.46;49.97;3.200;207.3;21.24;
1-989;16.48;49.97;3.200;207.3;21.26;
1-990;16.50;49.97;3.100;207.4;21.28;
1-991;16.51;49.97;3.100;207.4;21.29;
1-992;16.53;49.97;3.100;207.4;21.31;
1-993;16.55;49.97;3.100;207.4;21.33;
1-994;16.56;49.97;3.200;207.4;21.34;
1-995;16.58;49.97;3.100;207.4;21.36;
1-996;16.60;49.97;3.100;207.4;21.37;
1-997;16.61;49.97;3.100;207.4;21.39;
1-998;16.63;49.97;3.100;207.3;21.41;
1-999;16.65;49.97;3.200;207.4;21.42;
1-1000;16.66;49.97;3.200;207.4;21.44;
1-1001;16.68;49.97;3.200;207.4;21.46;
1-1002;16.70;49.97;3.100;207.4;21.47;
1-1003;16.71;49.97;3.200;207.4;21.49;
1-1004;16.73;49.97;3.100;207.4;21.51;
1-1005;16.75;49.97;3.200;207.4;21.52;
1-1006;16.76;49.97;3.100;207.4;21.54;
1-1007;16.78;49.97;3.100;207.4;21.56;
1-1008;16.80;49.97;3.200;207.4;21.57;
1-1009;16.81;49.97;3.100;207.4;21.59;
1-1010;16.83;49.97;3.200;207.4;21.61;
1-1011;16.85;49.97;3.100;207.4;21.62;
1-1012;16.86;49.97;3.200;207.4;21.64;
1-1013;16.88;49.97;3.100;207.4;21.65;
1-1014;16.90;49.97;3.100;207.4;21.67;
1-1015;16.91;49.97;3.200;207.4;21.69;
1-1016;16.93;49.97;3.100;207.4;21.70;
1-1017;16.95;49.97;3.100;207.4;21.72;
1-1018;16.96;49.97;3.100;207.4;21.74;
1-1019;16.98;49.97;3.100;207.4;21.75;
1-1020;17.00;49.97;3.100;207.4;21.77;
1-1021;17.01;49.97;3.200;207.4;21.79;
1-1022;17.03;49.97;3.100;207.4;21.80;
1-1023;17.05;49.97;3.200;207.4;21.82;
1-1024;17.06;49.97;3.100;207.4;21.83;
1-1025;17.08;49.97;3.100;207.4;21.85;
1-1026;17.10;49.97;3.100;207.4;21.87;
1-1027;17.11;49.97;3.100;207.4;21.88;
1-1028;17.13;49.97;3.200;207.4;21.90;
1-1029;17.15;49.97;3.100;207.4;21.92;
1-1030;17.16;49.97;3.200;207.4;21.93;
1-1031;17.18;49.97;3.100;207.4;21.95;
1-1032;17.20;49.97;3.100;207.4;21.97;
1-1033;17.21;49.97;3.100;207.4;21.98;
1-1034;17.23;49.97;3.100;207.4;22.00;
1-1035;17.25;49.97;3.200;207.4;22.01;
1-1036;17.26;49.97;3.200;207.4;22.03;
1-1037;17.28;49.97;3.200;207.4;22.05;
1-1038;17.30;49.97;3.100;207.4;22.06;
1-1039;17.31;49.97;3.200;207.4;22.08;
1-1040;17.33;49.97;3.100;207.4;22.10;
1-1041;17.35;49.97;3.200;207.4;22.11;
1-1042;17.36;49.97;3.100;207.4;22.13;
1-1043;17.38;49.97;3.200;207.4;22.15;
1-1044;17.40;49.97;3.200;207.4;22.16;
1-1045;17.41;49.97;3.100;207.4;22.18;
1-1046;17.43;49.97;3.200;207.4;22.20;
1-1047;17.45;49.97;3.100;207.4;22.21;
1-1048;17.46;49.97;3.200;207.4;22.23;
1-1049;17.48;49.97;3.100;207.4;22.25;
1-1050;17.50;49.97;3.200;207.4;22.26;
1-1051;17.51;49.97;3.200;207.4;22.28;
1-1052;17.53;49.97;3.100;207.4;22.30;
1-1053;17.55;49.97;3.200;207.4;22.31;
1-1054;17.56;49.97;3.100;207.4;22.33;
1-1055;17.58;49.97;3.200;207.4;22.35;
1-1056;17.60;49.97;3.100;207.4;22.36;
1-1057;17.61;49.97;3.200;207.4;22.38;
1-1058;17.63;49.97;3.100;207.4;22.39;
1-1059;17.65;49.97;3.200;207.4;22.41;
1-1060;17.66;49.97;3.100;207.4;22.43;
1-1061;17.68;49.97;3.200;207.4;22.44;
1-1062;17.70;49.97;3.200;207.4;22.46;
1-1063;17.71;49.97;3.100;207.4;22.48;
1-1064;17.73;49.97;3.100;207.4;22.49;
1-1065;17.75;49.97;3.100;207.4;22.51;
1-1066;17.76;49.97;3.200;207.4;22.53;
1-1067;17.78;49.97;3.200;207.4;22.54;
1-1068;17.80;49.97;3.200;207.4;22.56;
1-1069;17.81;49.97;3.200;207.4;22.58;
1-1070;17.83;49.97;3.100;207.5;22.59;
1-1071;17.85;49.97;3.100;207.4;22.61;
1-1072;17.86;49.97;3.100;207.5;22.63;
1-1073;17.88;49.97;3.200;207.5;22.64;
1-1074;17.90;49.97;3.100;207.5;22.66;
1-1075;17.91;49.97;3.200;207.5;22.68;
1-1076;17.93;49.97;3.100;207.5;22.69;
1-1077;17.95;49.97;3.100;207.5;22.71;
1-1078;17.96;49.97;3.100;207.4;22.72;
1-1079;17.98;49.97;3.200;207.5;22.74;
1-1080;18.00;49.97;3.200;207.5;22.76;
1-1081;18.01;49.97;3.100;207.5;22.77;
1-1082;18.03;49.97;3.200;207.5;22.79;
1-1083;18.05;49.97;3.200;207.5;22.81;
1-1084;18.06;49.97;3.200;207.5;22.82;
1-1085;18.08;49.97;3.200;207.5;22.84;
1-1086;18.10;49.97;3.200;207.5;22.86;
1-1087;18.11;49.97;3.200;207.5;22.87;
1-1088;18.13;49.97;3.200;207.5;22.89;
1-1089;18.15;49.97;3.200;207.5;22.91;
1-1090;18.16;49.97;3.200;207.5;22.92;
1-1091;18.18;49.97;3.200;207.5;22.94;
1-1092;18.20;49.97;3.200;207.5;22.96;
1-1093;18.21;49.97;3.200;207.5;22.97;
1-1094;18.23;49.97;3.200;207.5;22.99;
1-1095;18.25;49.97;3.200;207.5;23.01;
1-1096;18.26;49.97;3.200;207.5;23.02;
1-1097;18.28;49.97;3.200;207.5;23.04;
1-1098;18.30;49.97;3.200;207.5;23.06;
1-1099;18.31;49.97;3.200;207.5;23.07;
1-1100;18.33;49.97;3.200;207.5;23.09;
1-1101;18.35;49.97;3.200;207.5;23.11;
1-1102;18.36;49.97;3.200;207.5;23.13;
1-1103;18.38;49.97;3.200;207.5;23.14;
1-1104;18.40;49.97;3.200;207.5;23.16;
1-1105;18.41;49.97;3.200;207.5;23.18;
1-1106;18.43;49.97;3.200;207.5;23.19;
1-1107;18.45;49.97;3.200;207.5;23.21;
1-1108;18.46;49.97;3.200;207.5;23.23;
1-1109;18.48;49.97;3.200;207.5;23.24;
1-1110;18.50;49.97;3.200;207.5;23.26;
1-1111;18.51;49.97;3.200;207.5;23.28;
1-1112;18.53;49.97;3.200;207.5;23.29;
1-1113;18.55;49.97;3.200;207.5;23.31;
1-1114;18.56;49.97;3.200;207.5;23.33;
1-1115;18.58;49.97;3.200;207.5;23.34;
1-1116;18.60;49.97;3.200;207.5;23.36;
1-1117;18.61;49.97;3.200;207.5;23.38;
1-1118;18.63;49.97;3.200;207.5;23.39;
1-1119;18.65;49.97;3.200;207.5;23.41;
1-1120;18.66;49.97;3.300;207.5;23.43;
1-1121;18.68;49.97;3.200;207.5;23.44;
1-1122;18.70;49.97;3.200;207.5;23.46;
1-1123;18.71;49.97;3.200;207.5;23.48;
1-1124;18.73;49.97;3.200;207.5;23.49;
1-1125;18.75;49.97;3.200;207.5;23.51;
1-1126;18.76;49.97;3.200;207.5;23.53;
1-1127;18.78;49.97;3.300;207.5;23.54;
1-1128;18.80;49.97;3.200;207.5;23.56;
1-1129;18.81;49.97;3.200;207.5;23.58;
1-1130;18.83;49.97;3.200;207.5;23.60;
1-1131;18.85;49.97;3.200;207.5;23.61;
1-1132;18.86;49.97;3.200;207.5;23.63;
1-1133;18.88;49.97;3.200;207.5;23.65;
1-1134;18.90;49.97;3.200;207.5;23.66;
1-1135;18.91;49.97;3.200;207.5;23.68;
1-1136;18.93;49.97;3.300;207.5;23.70;
1-1137;18.95;49.97;3.200;207.5;23.71;
1-1138;18.96;49.97;3.200;207.5;23.73;
1-1139;18.98;49.97;3.200;207.5;23.75;
1-1140;19.00;49.97;3.200;207.5;23.76;
1-1141;19.01;49.97;3.200;207.5;23.78;
1-1142;19.03;49.97;3.200;207.5;23.80;
1-1143;19.05;49.97;3.200;207.5;23.81;
1-1144;19.06;49.97;3.300;207.5;23.83;
1-1145;19.08;49.97;3.300;207.5;23.85;
1-1146;19.10;49.97;3.200;207.5;23.86;
1-1147;19.11;49.97;3.200;207.5;23.88;
1-1148;19.13;49.97;3.200;207.5;23.90;
1-1149;19.15;49.97;3.200;207.5;23.92;
1-1150;19.16;49.97;3.200;207.5;23.93;
1-1151;19.18;49.97;3.200;207.5;23.95;
1-1152;19.20;49.97;3.300;207.5;23.97;
1-1153;19.21;49.97;3.200;207.5;23.98;
1-1154;19.23;49.97;3.300;207.5;24.00;
1-1155;19.25;49.97;3.300;207.5;24.02;
1-1156;19.26;49.97;3.300;207.5;24.03;
1-1157;19.28;49.97;3.200;207.5;24.05;
1-1158;19.30;49.97;3.200;207.5;24.07;
1-1159;19.31;49.97;3.300;207.5;24.08;
1-1160;19.33;49.97;3.300;207.5;24.10;
1-1161;19.35;49.97;3.300;207.5;24.12;
1-1162;19.36;49.97;3.300;207.5;24.14;
1-1163;19.38;49.97;3.300;207.5;24.15;
1-1164;19.40;49.97;3.300;207.5;24.17;
1-1165;19.41;49.97;3.300;207.5;24.19;
1-1166;19.43;49.97;3.300;207.5;24.21;
1-1167;19.45;49.97;3.200;207.5;24.22;
1-1168;19.46;49.97;3.300;207.5;24.24;
1-1169;19.48;49.97;3.300;207.5;24.26;
1-1170;19.50;49.97;3.300;207.5;24.27;
1-1171;19.51;49.97;3.200;207.5;24.29;
1-1172;19.53;49.97;3.200;207.5;24.31;
1-1173;19.55;49.97;3.200;207.5;24.33;
1-1174;19.56;49.97;3.200;207.5;24.34;
1-1175;19.58;49.97;3.200;207.5;24.36;
1-1176;19.60;49.97;3.200;207.5;24.38;
1-1177;19.61;49.97;3.200;207.5;24.39;
1-1178;19.63;49.97;3.200;207.5;24.41;
1-1179;19.65;49.97;3.200;207.5;24.43;
1-1180;19.66;49.97;3.200;207.5;24.44;
1-1181;19.68;49.97;3.200;207.5;24.46;
1-1182;19.70;49.97;3.200;207.5;24.48;
1-1183;19.71;49.97;3.200;207.5;24.49;
1-1184;19.73;49.97;3.200;207.5;24.51;
1-1185;19.75;49.97;3.100;207.5;24.53;
1-1186;19.76;49.97;3.200;207.5;24.54;
1-1187;19.78;49.97;3.200;207.5;24.56;
1-1188;19.80;49.97;3.200;207.5;24.58;
1-1189;19.81;49.97;3.100;207.5;24.59;
1-1190;19.83;49.97;3.200;207.5;24.61;
1-1191;19.85;49.97;3.100;207.5;24.63;
1-1192;19.86;49.97;3.200;207.5;24.64;
1-1193;19.88;49.97;3.200;207.5;24.66;
1-1194;19.90;49.97;3.200;207.5;24.68;
1-1195;19.91;49.97;3.200;207.5;24.69;
1-1196;19.93;49.97;3.100;207.5;24.71;
1-1197;19.95;49.97;3.200;207.5;24.73;
1-1198;19.96;49.97;3.100;207.6;24.74;
1-1199;19.98;49.97;3.200;207.6;24.76;
1-1200;20.00;49.97;3.200;207.6;24.77;
1-1201;20.01;49.97;3.200;207.6;24.79;
1-1202;20.03;49.97;3.200;207.6;24.81;
1-1203;20.05;49.97;3.100;207.6;24.82;
1-1204;20.06;49.97;3.200;207.6;24.84;
1-1205;20.08;49.97;3.200;207.5;24.86;
1-1206;20.10;49.97;3.200;207.6;24.87;
1-1207;20.11;49.97;3.100;207.6;24.89;
1-1208;20.13;49.97;3.200;207.6;24.91;
1-1209;20.15;49.97;3.100;207.6;24.92;
1-1210;20.16;49.97;3.200;207.5;24.94;
1-1211;20.18;49.97;3.100;207.5;24.96;
1-1212;20.20;49.97;3.200;207.6;24.97;
1-1213;20.21;49.97;3.200;207.6;24.99;
1-1214;20.23;49.97;3.100;207.6;25.01;
1-1215;20.25;49.97;3.100;207.6;25.02;
1-1216;20.26;49.97;3.100;207.6;25.04;
1-1217;20.28;49.97;3.200;207.6;25.06;
1-1218;20.30;49.97;3.100;207.6;25.07;
1-1219;20.31;49.97;3.200;207.6;25.09;
1-1220;20.33;49.97;3.200;207.6;25.11;
1-1221;20.35;49.97;3.100;207.6;25.12;
1-1222;20.36;49.97;3.100;207.6;25.14;
1-1223;20.38;49.97;3.200;207.6;25.15;
1-1224;20.40;49.97;3.200;207.6;25.17;
1-1225;20.41;49.97;3.100;207.6;25.19;
1-1226;20.43;49.97;3.200;207.5;25.20;
1-1227;20.45;49.97;3.100;207.6;25.22;
1-1228;20.46;49.97;3.100;207.6;25.24;
1-1229;20.48;49.97;3.100;207.6;25.25;
1-1230;20.50;49.97;3.200;207.5;25.27;
1-1231;20.51;49.97;3.200;207.6;25.29;
1-1232;20.53;49.97;3.100;207.6;25.30;
1-1233;20.55;49.97;3.100;207.5;25.32;
1-1234;20.56;49.97;3.100;207.6;25.34;
1-1235;20.58;49.97;3.200;207.6;25.35;
1-1236;20.60;49.97;3.100;207.6;25.37;
1-1237;20.61;49.97;3.200;207.6;25.38;
1-1238;20.63;49.97;3.100;207.6;25.40;
1-1239;20.65;49.97;3.100;207.6;25.42;
1-1240;20.66;49.97;3.100;207.6;25.43;
1-1241;20.68;49.97;3.200;207.6;25.45;
1-1242;20.70;49.97;3.200;207.6;25.47;
1-1243;20.71;49.97;3.100;207.6;25.48;
1-1244;20.73;49.97;3.100;207.6;25.50;
1-1245;20.75;49.97;3.100;207.6;25.52;
1-1246;20.76;49.97;3.100;207.6;25.53;
1-1247;20.78;49.97;3.100;207.6;25.55;
1-1248;20.80;49.97;3.100;207.6;25.56;
1-1249;20.81;49.97;3.200;207.6;25.58;
1-1250;20.83;49.97;3.100;207.6;25.60;
1-1251;20.85;49.97;3.200;207.6;25.61;
1-1252;20.86;49.97;3.100;207.6;25.63;
1-1253;20.88;49.97;3.200;207.6;25.65;
1-1254;20.90;49.97;3.100;207.6;25.66;
1-1255;20.91;49.97;3.200;207.6;25.68;
1-1256;20.93;49.97;3.100;207.6;25.70;
1-1257;20.95;49.97;3.100;207.6;25.71;
1-1258;20.96;49.97;3.100;207.6;25.73;
1-1259;20.98;49.97;3.100;207.6;25.75;
1-1260;21.00;49.97;3.200;207.6;25.76;
1-1261;21.01;49.97;3.100;207.6;25.78;
1-1262;21.03;49.97;3.100;207.6;25.79;
1-1263;21.05;49.97;3.100;207.6;25.81;
1-1264;21.06;49.97;3.100;207.6;25.83;
1-1265;21.08;49.97;3.100;207.6;25.84;
1-1266;21.10;49.97;3.100;207.6;25.86;
1-1267;21.11;49.97;3.200;207.6;25.88;
1-1268;21.13;49.97;3.100;207.6;25.89;
1-1269;21.15;49.97;3.200;207.6;25.91;
1-1270;21.16;49.97;3.100;207.6;25.93;
1-1271;21.18;49.97;3.200;207.6;25.94;
1-1272;21.20;49.97;3.100;207.6;25.96;
1-1273;21.21;49.97;3.200;207.6;25.97;
1-1274;21.23;49.97;3.100;207.6;25.99;
1-1275;21.25;49.97;3.100;207.6;26.01;
1-1276;21.26;49.97;3.100;207.6;26.02;
1-1277;21.28;49.97;3.100;207.6;26.04;
1-1278;21.30;49.97;3.200;207.6;26.06;
1-1279;21.31;49.97;3.100;207.6;26.07;
1-1280;21.33;49.97;3.100;207.6;26.09;
1-1281;21.35;49.97;3.100;207.6;26.11;
1-1282;21.36;49.97;3.100;207.6;26.12;
1-1283;21.38;49.97;3.100;207.6;26.14;
1-1284;21.40;49.97;3.100;207.6;26.15;
1-1285;21.41;49.97;3.200;207.6;26.17;
1-1286;21.43;49.97;3.100;207.6;26.19;
1-1287;21.45;49.97;3.200;207.6;26.20;
1-1288;21.46;49.97;3.100;207.6;26.22;
1-1289;21.48;49.97;3.200;207.6;26.24;
1-1290;21.50;49.97;3.100;207.6;26.25;
1-1291;21.51;49.97;3.200;207.6;26.27;
1-1292;21.53;49.97;3.200;207.6;26.29;
1-1293;21.55;49.97;3.100;207.6;26.30;
1-1294;21.56;49.97;3.100;207.6;26.32;
1-1295;21.58;49.97;3.200;207.6;26.34;
1-1296;21.60;49.97;3.200;207.6;26.35;
1-1297;21.61;49.97;3.100;207.6;26.37;
1-1298;21.63;49.97;3.200;207.6;26.38;
1-1299;21.65;49.97;3.200;207.6;26.40;
1-1300;21.66;49.97;3.100;207.6;26.42;
1-1301;21.68;49.97;3.200;207.6;26.43;
1-1302;21.70;49.97;3.200;207.6;26.45;
1-1303;21.71;49.97;3.200;207.6;26.47;
1-1304;21.73;49.97;3.100;207.6;26.48;
1-1305;21.75;49.97;3.200;207.6;26.50;
1-1306;21.76;49.97;3.200;207.6;26.52;
1-1307;21.78;49.97;3.200;207.6;26.53;
1-1308;21.80;49.97;3.100;207.6;26.55;
1-1309;21.81;49.97;3.200;207.6;26.57;
1-1310;21.83;49.97;3.200;207.6;26.58;
1-1311;21.85;49.97;3.100;207.6;26.60;
1-1312;21.86;49.97;3.200;207.6;26.62;
1-1313;21.88;49.97;3.200;207.6;26.63;
1-1314;21.90;49.97;3.200;207.6;26.65;
1-1315;21.91;49.97;3.200;207.6;26.67;
1-1316;21.93;49.97;3.200;207.6;26.68;
1-1317;21.95;49.97;3.200;207.6;26.70;
1-1318;21.96;49.97;3.100;207.6;26.72;
1-1319;21.98;49.97;3.200;207.6;26.73;
1-1320;22.00;49.97;3.200;207.6;26.75;
1-1321;22.01;49.97;3.200;207.6;26.77;
1-1322;22.03;49.97;3.100;207.6;26.78;
1-1323;22.05;49.97;3.200;207.6;26.80;
1-1324;22.06;49.97;3.200;207.6;26.82;
1-1325;22.08;49.97;3.200;207.6;26.83;
1-1326;22.10;49.97;3.200;207.6;26.85;
1-1327;22.11;49.97;3.200;207.6;26.87;
1-1328;22.13;49.97;3.200;207.6;26.88;
1-1329;22.15;49.97;3.200;207.6;26.90;
1-1330;22.16;49.97;3.200;207.6;26.92;
1-1331;22.18;49.97;3.200;207.6;26.93;
1-1332;22.20;49.97;3.200;207.6;26.95;
1-1333;22.21;49.97;3.200;207.6;26.97;
1-1334;22.23;49.97;3.200;207.6;26.98;
1-1335;22.25;49.97;3.200;207.6;27.00;
1-1336;22.26;49.97;3.200;207.6;27.02;
1-1337;22.28;49.97;3.200;207.6;27.03;
1-1338;22.30;49.97;3.200;207.6;27.05;
1-1339;22.31;49.97;3.200;207.6;27.07;
1-1340;22.33;49.97;3.200;207.6;27.09;
1-1341;22.35;49.97;3.200;207.6;27.10;
1-1342;22.36;49.97;3.200;207.6;27.12;
1-1343;22.38;49.97;3.200;207.6;27.14;
1-1344;22.40;49.97;3.200;207.6;27.15;
1-1345;22.41;49.97;3.200;207.6;27.17;
1-1346;22.43;49.97;3.200;207.6;27.19;
1-1347;22.45;49.97;3.200;207.6;27.20;
1-1348;22.46;49.97;3.200;207.6;27.22;
1-1349;22.48;49.97;3.200;207.6;27.24;
1-1350;22.50;49.97;3.200;207.6;27.25;
1-1351;22.51;49.97;3.200;207.6;27.27;
1-1352;22.53;49.97;3.200;207.6;27.29;
1-1353;22.55;49.97;3.200;207.6;27.30;
1-1354;22.56;49.97;3.200;207.6;27.32;
1-1355;22.58;49.97;3.200;207.6;27.34;
1-1356;22.60;49.97;3.200;207.6;27.35;
1-1357;22.61;49.97;3.200;207.6;27.37;
1-1358;22.63;49.97;3.200;207.6;27.39;
1-1359;22.65;49.97;3.200;207.6;27.40;
1-1360;22.66;49.97;3.200;207.6;27.42;
1-1361;22.68;49.97;3.200;207.6;27.44;
1-1362;22.70;49.97;3.200;207.6;27.45;
1-1363;22.71;49.97;3.200;207.6;27.47;
1-1364;22.73;49.97;3.200;207.6;27.49;
1-1365;22.75;49.97;3.200;207.6;27.50;
1-1366;22.76;49.97;3.200;207.6;27.52;
1-1367;22.78;49.97;3.200;207.6;27.54;
1-1368;22.80;49.97;3.200;207.6;27.55;
1-1369;22.81;49.97;3.200;207.6;27.57;
1-1370;22.83;49.97;3.200;207.6;27.59;
1-1371;22.85;49.97;3.200;207.6;27.60;
1-1372;22.86;49.97;3.200;207.6;27.62;
1-1373;22.88;49.97;3.200;207.6;27.64;
1-1374;22.90;49.97;3.200;207.6;27.65;
1-1375;22.91;49.97;3.200;207.6;27.67;
1-1376;22.93;49.97;3.200;207.6;27.69;
1-1377;22.95;49.97;3.200;207.6;27.70;
1-1378;22.96;49.97;3.200;207.6;27.72;
1-1379;22.98;49.97;3.200;207.6;27.74;
1-1380;23.00;49.97;3.200;207.6;27.75;
1-1381;23.01;49.97;3.200;207.6;27.77;
1-1382;23.03;49.97;3.200;207.6;27.79;
1-1383;23.05;49.97;3.200;207.6;27.81;
1-1384;23.06;49.97;3.200;207.6;27.82;
1-1385;23.08;49.97;3.200;207.6;27.84;
1-1386;23.10;49.97;3.300;207.6;27.86;
1-1387;23.11;49.97;3.200;207.6;27.87;
1-1388;23.13;49.97;3.200;207.6;27.89;
1-1389;23.15;49.97;3.200;207.6;27.91;
1-1390;23.16;49.97;3.200;207.6;27.92;
1-1391;23.18;49.97;3.200;207.6;27.94;
1-1392;23.20;49.97;3.200;207.6;27.96;
1-1393;23.21;49.97;3.300;207.6;27.97;
1-1394;23.23;49.97;3.200;207.6;27.99;
1-1395;23.25;49.97;3.200;207.6;28.01;
1-1396;23.26;49.97;3.300;207.6;28.02;
1-1397;23.28;49.97;3.200;207.6;28.04;
1-1398;23.30;49.97;3.200;207.6;28.06;
1-1399;23.31;49.97;3.300;207.6;28.07;
1-1400;23.33;49.97;3.300;207.6;28.09;
1-1401;23.35;49.97;3.200;207.6;28.11;
1-1402;23.36;49.97;3.300;207.6;28.13;
1-1403;23.38;49.97;3.200;207.6;28.14;
1-1404;23.40;49.97;3.300;207.6;28.16;
1-1405;23.41;49.97;3.200;207.7;28.18;
1-1406;23.43;49.97;3.300;207.7;28.19;
1-1407;23.45;49.97;3.300;207.6;28.21;
1-1408;23.46;49.97;3.200;207.7;28.23;
1-1409;23.48;49.97;3.200;207.7;28.25;
1-1410;23.50;49.97;3.200;207.7;28.26;
1-1411;23.51;49.97;3.300;207.7;28.28;
1-1412;23.53;49.97;3.300;207.7;28.30;
1-1413;23.55;49.97;3.300;207.7;28.31;
1-1414;23.56;49.97;3.300;207.7;28.33;
1-1415;23.58;49.97;3.200;207.7;28.35;
1-1416;23.60;49.97;3.300;207.7;28.36;
1-1417;23.61;49.97;3.300;207.7;28.38;
1-1418;23.63;49.97;3.300;207.7;28.40;
1-1419;23.65;49.97;3.200;207.7;28.42;
1-1420;23.66;49.97;3.300;207.7;28.43;
1-1421;23.68;49.97;3.200;207.7;28.45;
1-1422;23.70;49.97;3.300;207.7;28.47;
1-1423;23.71;49.97;3.300;207.7;28.48;
1-1424;23.73;49.97;3.300;207.7;28.50;
1-1425;23.75;49.97;3.300;207.7;28.52;
1-1426;23.76;49.97;3.300;207.7;28.54;
1-1427;23.78;49.97;3.300;207.7;28.55;
1-1428;23.80;49.97;3.300;207.7;28.57;
1-1429;23.81;49.97;3.300;207.7;28.59;
1-1430;23.83;49.97;3.300;207.7;28.61;
1-1431;23.85;49.97;3.300;207.7;28.62;
1-1432;23.86;49.97;3.300;207.7;28.64;
1-1433;23.88;49.97;3.300;207.7;28.66;
1-1434;23.90;49.97;3.300;207.7;28.67;
1-1435;23.91;49.97;3.300;207.7;28.69;
1-1436;23.93;49.97;3.300;207.7;28.71;
1-1437;23.95;49.97;3.300;207.7;28.73;
1-1438;23.96;49.97;3.300;207.7;28.74;
1-1439;23.98;49.97;3.300;207.7;28.76;
1-1440;24.00;49.97;3.300;207.7;28.78;
1-1441;24.01;49.97;3.300;207.7;28.80;
1-1442;24.03;49.97;3.300;207.7;28.81;
1-1443;24.05;49.97;3.300;207.7;28.83;
1-1444;24.06;49.97;3.300;207.7;28.85;
1-1445;24.08;49.97;3.300;207.7;28.86;
1-1446;24.10;49.97;3.300;207.7;28.88;
1-1447;24.11;49.97;3.300;207.7;28.90;
1-1448;24.13;49.97;3.300;207.7;28.92;
1-1449;24.15;49.97;3.300;207.7;28.93;
1-1450;24.16;49.97;3.300;207.7;28.95;
1-1451;24.18;49.97;3.300;207.7;28.97;
1-1452;24.20;49.97;3.300;207.7;28.99;
1-1453;24.21;49.97;3.300;207.7;29.00;
1-1454;24.23;49.97;3.300;207.8;29.02;
1-1455;24.25;49.97;3.300;207.8;29.04;
1-1456;24.26;49.97;3.300;207.7;29.05;
1-1457;24.28;49.97;3.300;207.7;29.07;
1-1458;24.30;49.97;3.300;207.8;29.09;
1-1459;24.31;49.97;3.300;207.8;29.11;
1-1460;24.33;49.97;3.400;207.8;29.12;
1-1461;24.35;49.97;3.300;207.8;29.14;
1-1462;24.36;49.97;3.300;207.8;29.16;
1-1463;24.38;49.97;3.300;207.7;29.18;
1-1464;24.40;49.97;3.300;207.8;29.19;
1-1465;24.41;49.97;3.400;207.8;29.21;
1-1466;24.43;49.97;3.300;207.8;29.23;
1-1467;24.45;49.97;3.400;207.8;29.25;
1-1468;24.46;49.97;3.400;207.8;29.26;
1-1469;24.48;49.97;3.300;207.8;29.28;
1-1470;24.50;49.97;3.300;207.8;29.30;
1-1471;24.51;49.97;3.300;207.8;29.32;
1-1472;24.53;49.97;3.400;207.8;29.33;
1-1473;24.55;49.97;3.300;207.8;29.35;
1-1474;24.56;49.97;3.400;207.8;29.37;
1-1475;24.58;49.97;3.300;207.8;29.39;
1-1476;24.60;49.97;3.300;207.8;29.40;
1-1477;24.61;49.97;3.400;207.8;29.42;
1-1478;24.63;49.97;3.400;207.8;29.44;
1-1479;24.65;49.97;3.400;207.8;29.46;
1-1480;24.66;49.97;3.300;207.8;29.47;
1-1481;24.68;49.97;3.400;207.8;29.49;
1-1482;24.70;49.97;3.300;207.8;29.51;
1-1483;24.71;49.97;3.400;207.8;29.53;
1-1484;24.73;49.97;3.400;207.8;29.54;
1-1485;24.75;49.97;3.400;207.8;29.56;
1-1486;24.76;49.97;3.400;207.8;29.58;
1-1487;24.78;49.97;3.400;207.8;29.60;
1-1488;24.80;49.97;3.400;207.8;29.62;
1-1489;24.81;49.97;3.400;207.8;29.63;
1-1490;24.83;49.97;3.400;207.8;29.65;
1-1491;24.85;49.97;3.400;207.8;29.67;
1-1492;24.86;49.97;3.400;207.8;29.69;
1-1493;24.88;49.97;3.400;207.8;29.70;
1-1494;24.90;49.97;3.400;207.8;29.72;
1-1495;24.91;49.97;3.400;207.8;29.74;
1-1496;24.93;49.97;3.400;207.8;29.76;
1-1497;24.95;49.97;3.400;207.8;29.78;
1-1498;24.96;49.97;3.400;207.8;29.79;
1-1499;24.98;49.97;3.500;207.8;29.81;
1-1500;25.00;49.97;3.400;207.8;29.83;
1-1501;25.01;49.97;3.500;207.8;29.85;
1-1502;25.03;49.97;3.400;207.8;29.87;
1-1503;25.05;49.97;3.400;207.8;29.88;
1-1504;25.06;49.97;3.400;207.8;29.90;
1-1505;25.08;49.97;3.400;207.8;29.92;
1-1506;25.10;49.97;3.400;207.8;29.94;
1-1507;25.11;49.97;3.400;207.8;29.95;
1-1508;25.13;49.97;3.500;207.8;29.97;
1-1509;25.15;49.97;3.400;207.8;29.99;
1-1510;25.16;49.97;3.500;207.8;30.01;
1-1511;25.18;49.97;3.400;207.8;30.03;
1-1512;25.20;49.97;3.400;207.8;30.04;
1-1513;25.21;49.97;3.500;207.8;30.06;
1-1514;25.23;49.97;3.500;207.8;30.08;
1-1515;25.25;49.97;3.500;207.8;30.10;
1-1516;25.26;49.97;3.400;207.8;30.12;
1-1517;25.28;49.97;3.500;207.8;30.14;
1-1518;25.30;49.97;3.400;207.9;30.15;
1-1519;25.31;49.97;3.500;207.9;30.17;
1-1520;25.33;49.97;3.500;207.9;30.19;
1-1521;25.35;49.97;3.500;207.9;30.21;
1-1522;25.36;49.97;3.500;207.9;30.23;
1-1523;25.38;49.97;3.500;207.9;30.24;
1-1524;25.40;49.97;3.500;207.9;30.26;
1-1525;25.41;49.97;3.500;207.9;30.28;
1-1526;25.43;49.97;3.500;207.9;30.30;
1-1527;25.45;49.97;3.500;207.9;30.32;
1-1528;25.46;49.97;3.500;207.9;30.34;
1-1529;25.48;49.97;3.500;207.9;30.35;
1-1530;25.50;49.97;3.500;207.9;30.37;
1-1531;25.51;49.97;3.500;207.9;30.39;
1-1532;25.53;49.97;3.500;207.9;30.41;
1-1533;25.55;49.97;3.500;207.9;30.43;
1-1534;25.56;49.97;3.500;207.9;30.45;
1-1535;25.58;49.97;3.500;207.9;30.47;
1-1536;25.60;49.97;3.500;207.9;30.48;
1-1537;25.61;49.97;3.500;207.9;30.50;
1-1538;25.63;49.97;3.500;207.9;30.52;
1-1539;25.65;49.97;3.600;207.9;30.54;
1-1540;25.66;49.97;3.600;207.9;30.56;
1-1541;25.68;49.97;3.500;207.9;30.58;
1-1542;25.70;49.97;3.500;207.9;30.59;
1-1543;25.71;49.97;3.600;207.9;30.61;
1-1544;25.73;49.97;3.600;207.9;30.63;
1-1545;25.75;49.97;3.600;208.0;30.65;
1-1546;25.76;49.97;3.600;208.0;30.67;
1-1547;25.78;49.97;3.600;208.0;30.69;
1-1548;25.80;49.97;3.600;208.0;30.71;
1-1549;25.81;49.97;3.600;208.0;30.73;
1-1550;25.83;49.97;3.600;208.0;30.74;
1-1551;25.85;49.97;3.600;208.0;30.76;
1-1552;25.86;49.97;3.600;208.0;30.78;
1-1553;25.88;49.97;3.600;208.0;30.80;
1-1554;25.90;49.97;3.600;208.0;30.82;
1-1555;25.91;49.97;3.600;208.0;30.84;
1-1556;25.93;49.97;3.600;208.0;30.86;
1-1557;25.95;49.97;3.600;208.0;30.88;
1-1558;25.96;49.97;3.600;208.0;30.90;
1-1559;25.98;49.97;3.600;208.0;30.91;
1-1560;26.00;49.97;3.700;208.0;30.93;
1-1561;26.01;49.97;3.600;208.0;30.95;
1-1562;26.03;49.97;3.700;208.0;30.97;
1-1563;26.05;49.97;3.700;208.0;30.99;
1-1564;26.06;49.97;3.700;208.0;31.01;
1-1565;26.08;49.97;3.700;208.0;31.03;
1-1566;26.10;49.97;3.700;208.0;31.05;
1-1567;26.11;49.97;3.700;208.0;31.07;
1-1568;26.13;49.97;3.700;208.0;31.09;
1-1569;26.15;49.97;3.800;208.0;31.11;
1-1570;26.16;49.97;3.700;208.0;31.13;
1-1571;26.18;49.97;3.800;208.0;31.15;
1-1572;26.20;49.97;3.700;208.0;31.17;
1-1573;26.21;49.97;3.700;208.0;31.19;
1-1574;26.23;49.97;3.700;208.0;31.21;
1-1575;26.25;49.97;3.800;208.0;31.22;
1-1576;26.26;49.97;3.800;208.0;31.24;
1-1577;26.28;49.97;3.800;208.0;31.26;
1-1578;26.30;49.97;3.800;208.0;31.28;
1-1579;26.31;49.97;3.800;208.1;31.30;
1-1580;26.33;49.97;3.800;208.1;31.32;
1-1581;26.35;49.97;3.800;208.0;31.34;
1-1582;26.36;49.97;3.800;208.0;31.36;
1-1583;26.38;49.97;3.800;208.1;31.38;
1-1584;26.40;49.97;3.800;208.1;31.40;
1-1585;26.41;49.97;3.800;208.1;31.42;
1-1586;26.43;49.97;3.800;208.1;31.44;
1-1587;26.45;49.97;3.900;208.1;31.46;
1-1588;26.46;49.97;3.800;208.1;31.48;
1-1589;26.48;49.97;3.900;208.1;31.50;
1-1590;26.50;49.97;3.800;208.1;31.52;
1-1591;26.51;49.97;3.900;208.1;31.54;
1-1592;26.53;49.97;3.900;208.1;31.56;
1-1593;26.55;49.97;3.900;208.1;31.58;
1-1594;26.56;49.97;3.900;208.1;31.61;
1-1595;26.58;49.97;3.900;208.1;31.63;
1-1596;26.60;49.97;3.900;208.1;31.65;
1-1597;26.61;49.97;4.000;208.1;31.67;
1-1598;26.63;49.97;4.000;208.1;31.69;
1-1599;26.65;49.97;4.000;208.1;31.71;
1-1600;26.66;49.97;4.000;208.1;31.73;
1-1601;26.68;49.97;4.000;208.2;31.75;
1-1602;26.70;49.97;4.000;208.2;31.77;
1-1603;26.71;49.97;4.000;208.2;31.79;
1-1604;26.73;49.97;3.900;208.2;31.81;
1-1605;26.75;49.97;4.000;208.2;31.83;
1-1606;26.76;49.97;4.000;208.2;31.85;
1-1607;26.78;49.97;4.100;208.2;31.88;
1-1608;26.80;49.97;4.100;208.2;31.90;
1-1609;26.81;49.97;4.100;208.2;31.92;
1-1610;26.83;49.97;4.100;208.2;31.94;
1-1611;26.85;49.97;4.100;208.2;31.96;
1-1612;26.86;49.97;4.100;208.2;31.98;
1-1613;26.88;49.97;4.100;208.2;32.00;
1-1614;26.90;49.97;4.100;208.2;32.03;
1-1615;26.91;49.97;4.100;208.2;32.05;
1-1616;26.93;49.97;4.200;208.2;32.07;
1-1617;26.95;49.97;4.200;208.2;32.09;
1-1618;26.96;49.97;4.200;208.2;32.11;
1-1619;26.98;49.97;4.200;208.2;32.14;
1-1620;27.00;49.97;4.200;208.2;32.16;
1-1621;27.01;49.97;4.200;208.2;32.18;
1-1622;27.03;49.97;4.300;208.2;32.20;
1-1623;27.05;49.97;4.300;208.2;32.22;
1-1624;27.06;49.97;4.300;208.3;32.25;
1-1625;27.08;49.97;4.400;208.2;32.27;
1-1626;27.10;49.97;4.400;208.3;32.29;
1-1627;27.11;49.97;4.400;208.3;32.32;
1-1628;27.13;49.97;4.500;208.3;32.34;
1-1629;27.15;49.97;4.500;208.3;32.36;
1-1630;27.16;49.97;4.600;208.3;32.39;
1-1631;27.18;49.97;4.500;208.3;32.41;
1-1632;27.20;49.97;4.700;208.3;32.43;
1-1633;27.21;49.97;4.600;208.3;32.46;
1-1634;27.23;49.97;4.600;208.3;32.48;
1-1635;27.25;49.97;4.700;208.3;32.51;
1-1636;27.26;49.97;4.800;208.3;32.53;
1-1637;27.28;49.97;4.800;208.3;32.56;
1-1638;27.30;49.97;4.800;208.3;32.58;
1-1639;27.31;49.97;4.900;208.4;32.61;
1-1640;27.33;49.97;4.900;208.4;32.63;
1-1641;27.35;49.97;5.000;208.4;32.66;
1-1642;27.36;49.97;5.000;208.4;32.68;
1-1643;27.38;49.97;5.100;208.4;32.71;
1-1644;27.40;49.97;5.200;208.4;32.74;
1-1645;27.41;49.97;5.200;208.4;32.77;
1-1646;27.43;49.97;5.300;208.4;32.79;
1-1647;27.45;49.97;5.500;208.5;32.82;
1-1648;27.46;49.97;5.600;208.5;32.85;
1-1649;27.48;49.97;5.600;208.5;32.88;
1-1650;27.50;49.97;5.800;208.5;32.91;
1-1651;27.51;49.97;5.800;208.5;32.94;
1-1652;27.53;49.97;6.100;208.5;32.97;
1-1653;27.55;49.97;6.200;208.5;33.00;
1-1654;27.56;49.97;6.500;208.5;33.04;
1-1655;27.58;49.97;6.500;208.5;33.07;
1-1656;27.60;49.97;6.700;208.5;33.10;
1-1657;27.61;49.97;6.900;208.6;33.14;
1-1658;27.63;49.97;7.100;208.6;33.18;
1-1659;27.65;49.97;7.400;208.6;33.21;
1-1660;27.66;49.97;7.800;208.6;33.25;
1-1661;27.68;49.97;7.900;208.6;33.30;
1-1662;27.70;49.97;8.200;208.7;33.34;
1-1663;27.71;49.97;8.400;208.7;33.38;
1-1664;27.73;49.97;8.800;208.7;33.43;
1-1665;27.75;49.97;9.100;208.8;33.47;
1-1666;27.76;49.97;9.600;208.9;33.52;
1-1667;27.78;49.97;9.800;208.9;33.57;
1-1668;27.80;49.97;10.20;209.0;33.63;
1-1669;27.81;49.97;10.50;209.2;33.68;
1-1670;27.83;49.97;11.10;209.2;33.74;
1-1671;27.85;49.97;11.50;209.4;33.79;
1-1672;27.86;49.97;12.10;209.5;33.86;
1-1673;27.88;49.97;12.70;209.6;33.92;
1-1674;27.90;49.97;12.80;209.8;33.99;
1-1675;27.91;49.97;12.90;210.0;34.06;
1-1676;27.93;49.97;13.40;210.0;34.12;
1-1677;27.95;49.97;14.10;210.3;34.20;
1-1678;27.96;49.97;14.30;210.6;34.27;
1-1679;27.98;49.97;13.90;210.7;34.34;
1-1680;28.00;49.97;14.70;210.9;34.42;
1-1681;28.01;49.97;15.40;211.1;34.50;
1-1682;28.03;49.97;15.30;211.2;34.58;
1-1683;28.05;49.97;15.80;211.4;34.66;
1-1684;28.06;49.97;15.20;211.6;34.74;
1-1685;28.08;49.97;15.80;211.8;34.82;
1-1686;28.10;49.97;16.10;211.9;34.91;
1-1687;28.11;49.97;16.60;212.1;34.99;
1-1688;28.13;49.97;16.10;212.2;35.08;
1-1689;28.15;49.97;16.60;212.3;35.16;
1-1690;28.16;49.97;16.90;212.5;35.25;
1-1691;28.18;49.97;16.90;212.6;35.34;
1-1692;28.20;49.97;16.90;212.7;35.43;
1-1693;28.21;49.97;16.80;212.9;35.51;
1-1694;28.23;49.97;17.40;212.9;35.60;
1-1695;28.25;49.97;18.20;213.0;35.70;
1-1696;28.26;49.97;17.10;213.2;35.79;
1-1697;28.28;49.97;16.50;213.2;35.88;
1-1698;28.30;49.97;16.20;213.3;35.96;
1-1699;28.31;49.97;16.80;213.4;36.05;
1-1700;28.33;49.97;16.70;213.4;36.14;
1-1701;28.35;49.97;16.30;213.4;36.22;
1-1702;28.36;49.97;16.00;213.5;36.31;
1-1703;28.38;49.97;15.50;213.6;36.39;
1-1704;28.40;49.97;14.70;213.6;36.47;
1-1705;28.41;49.97;15.10;213.7;36.55;
1-1706;28.43;49.97;14.70;213.7;36.63;
1-1707;28.45;49.97;14.50;213.8;36.70;
1-1708;28.46;49.97;14.10;213.8;36.78;
1-1709;28.48;49.97;14.00;213.8;36.85;
1-1710;28.50;49.97;13.30;213.9;36.92;
1-1711;28.51;49.97;12.90;213.9;36.99;
1-1712;28.53;49.97;11.90;213.9;37.06;
1-1713;28.55;49.97;12.40;213.9;37.12;
1-1714;28.56;49.97;11.40;213.9;37.18;
1-1715;28.58;49.97;11.70;213.9;37.24;
1-1716;28.60;49.97;10.50;213.9;37.30;
1-1717;28.61;49.97;10.50;213.9;37.35;
1-1718;28.63;49.97;10.10;213.9;37.41;
1-1719;28.65;49.97;10.30;213.9;37.46;
1-1720;28.66;49.97;9.500;213.9;37.51;
1-1721;28.68;49.97;8.800;213.8;37.56;
1-1722;28.70;49.97;8.600;213.8;37.61;
1-1723;28.71;49.97;8.800;213.7;37.65;
1-1724;28.73;49.97;8.400;213.7;37.70;
1-1725;28.75;49.97;8.100;213.7;37.74;
1-1726;28.76;49.97;8.000;213.6;37.78;
1-1727;28.78;49.97;7.700;213.6;37.82;
1-1728;28.80;49.97;7.700;213.5;37.86;
1-1729;28.81;49.97;7.600;213.4;37.90;
1-1730;28.83;49.97;7.400;213.4;37.94;
1-1731;28.85;49.97;7.600;213.4;37.98;
1-1732;28.86;49.97;7.000;213.3;38.02;
1-1733;28.88;49.97;7.200;213.3;38.06;
1-1734;28.90;49.97;6.800;213.2;38.09;
1-1735;28.91;49.97;7.100;213.2;38.13;
1-1736;28.93;49.97;6.800;213.1;38.17;
1-1737;28.95;49.97;7.400;213.1;38.20;
1-1738;28.96;49.97;7.600;213.0;38.24;
1-1739;28.98;49.97;7.000;213.0;38.28;
1-1740;29.00;49.97;7.000;213.0;38.32;
1-1741;29.01;49.97;6.700;213.0;38.35;
1-1742;29.03;49.97;7.000;213.0;38.39;
1-1743;29.05;49.97;6.700;212.9;38.43;
1-1744;29.06;49.97;6.700;212.9;38.46;
1-1745;29.08;49.97;7.100;212.8;38.50;
1-1746;29.10;49.97;7.200;212.8;38.54;
1-1747;29.11;49.97;7.700;212.8;38.57;
1-1748;29.13;49.97;7.000;212.8;38.61;
1-1749;29.15;49.97;7.400;212.8;38.65;
1-1750;29.16;49.97;7.600;212.8;38.69;
1-1751;29.18;49.97;7.200;212.8;38.73;
1-1752;29.20;49.97;7.700;212.8;38.77;
1-1753;29.21;49.97;7.400;212.8;38.81;
1-1754;29.23;49.97;7.900;212.8;38.85;
1-1755;29.25;49.97;7.200;212.8;38.89;
1-1756;29.26;49.97;7.200;212.8;38.92;
1-1757;29.28;49.97;6.900;212.8;38.96;
1-1758;29.30;49.97;7.200;212.8;39.00;
1-1759;29.31;49.97;8.000;212.8;39.04;
1-1760;29.33;49.97;7.200;212.7;39.08;
1-1761;29.35;49.97;8.200;212.7;39.12;
1-1762;29.36;49.97;7.200;212.7;39.16;
1-1763;29.38;49.97;8.100;212.7;39.20;
1-1764;29.40;49.97;7.900;212.7;39.24;
1-1765;29.41;49.97;7.900;212.7;39.28;
1-1766;29.43;49.97;8.700;212.7;39.32;
1-1767;29.45;49.97;7.700;212.7;39.37;
1-1768;29.46;49.97;8.300;212.8;39.41;
1-1769;29.48;49.97;8.000;212.8;39.45;
1-1770;29.50;49.97;7.900;212.8;39.49;
1-1771;29.51;49.97;7.900;212.8;39.53;
1-1772;29.53;49.97;7.600;212.8;39.58;
1-1773;29.55;49.97;7.700;212.8;39.62;
1-1774;29.56;49.97;7.600;212.8;39.66;
1-1775;29.58;49.97;8.400;212.8;39.70;
1-1776;29.60;49.97;7.700;212.8;39.74;
1-1777;29.61;49.97;8.100;212.8;39.78;
1-1778;29.63;49.97;8.100;212.8;39.82;
1-1779;29.65;49.97;8.100;212.9;39.87;
1-1780;29.66;49.97;7.900;212.9;39.91;
1-1781;29.68;49.97;7.400;212.9;39.95;
1-1782;29.70;49.97;8.200;212.9;39.99;
1-1783;29.71;49.97;7.700;212.9;40.03;
1-1784;29.73;49.97;7.600;212.9;40.07;
1-1785;29.75;49.97;8.100;212.9;40.11;
1-1786;29.76;49.97;8.000;212.9;40.15;
1-1787;29.78;49.97;8.700;212.9;40.20;
1-1788;29.80;49.97;7.600;212.9;40.24;
1-1789;29.81;49.97;7.900;212.9;40.28;
1-1790;29.83;49.97;8.200;212.9;40.32;
1-1791;29.85;49.97;8.200;212.9;40.37;
1-1792;29.86;49.97;7.600;212.8;40.41;
1-1793;29.88;49.97;8.000;212.8;40.45;
1-1794;29.90;49.97;8.200;212.8;40.49;
1-1795;29.91;49.97;7.300;212.8;40.53;
1-1796;29.93;49.97;7.500;212.8;40.57;
1-1797;29.95;49.97;8.200;212.8;40.61;
1-1798;29.96;49.97;8.000;212.8;40.65;
1-1799;29.98;49.97;8.000;212.8;40.69;
1-1800;30.00;49.97;7.700;212.8;40.74;
1-1801;30.01;49.97;8.100;212.8;40.78;
1-1802;30.03;49.97;7.500;212.8;40.82;
1-1803;30.05;49.97;8.200;212.8;40.86;
1-1804;30.06;49.97;8.000;212.8;40.90;
1-1805;30.08;49.97;8.500;212.8;40.94;
1-1806;30.10;49.97;7.900;212.8;40.99;
1-1807;30.11;49.97;7.900;212.7;41.03;
1-1808;30.13;49.97;8.400;212.7;41.07;
1-1809;30.15;49.97;8.100;212.7;41.11;
1-1810;30.16;49.97;8.500;212.7;41.16;
1-1811;30.18;49.97;8.600;212.7;41.20;
1-1812;30.20;49.97;8.600;212.7;41.25;
1-1813;30.21;49.97;8.600;212.7;41.29;
1-1814;30.23;49.97;9.100;212.7;41.34;
1-1815;30.25;49.97;9.100;212.7;41.39;
1-1816;30.26;49.97;9.300;212.7;41.43;
1-1817;30.28;49.97;9.400;212.7;41.48;
1-1818;30.30;49.97;9.300;212.7;41.53;
1-1819;30.31;49.97;8.800;212.7;41.58;
1-1820;30.33;49.97;8.500;212.7;41.63;
1-1821;30.35;49.97;8.400;212.7;41.67;
1-1822;30.36;49.97;8.700;212.7;41.71;
1-1823;30.38;49.97;8.800;212.7;41.76;
1-1824;30.40;49.97;8.700;212.7;41.81;
1-1825;30.41;49.97;8.000;212.7;41.85;
1-1826;30.43;49.97;8.000;212.7;41.89;
1-1827;30.45;49.97;7.800;212.7;41.93;
1-1828;30.46;49.97;7.700;212.7;41.97;
1-1829;30.48;49.97;7.500;212.7;42.01;
1-1830;30.50;49.97;7.500;212.7;42.05;
1-1831;30.51;49.97;7.600;212.7;42.09;
1-1832;30.53;49.97;7.500;212.6;42.13;
1-1833;30.55;49.97;7.500;212.6;42.17;
1-1834;30.56;49.97;7.600;212.6;42.21;
1-1835;30.58;49.97;7.700;212.6;42.25;
1-1836;30.60;49.97;7.500;212.6;42.29;
1-1837;30.61;49.97;7.500;212.6;42.33;
1-1838;30.63;49.97;7.500;212.6;42.37;
1-1839;30.65;49.97;7.600;212.5;42.41;
1-1840;30.66;49.97;7.400;212.5;42.45;
1-1841;30.68;49.97;7.600;212.5;42.49;
1-1842;30.70;49.97;7.700;212.5;42.53;
1-1843;30.71;49.97;7.500;212.5;42.57;
1-1844;30.73;49.97;7.700;212.5;42.61;
1-1845;30.75;49.97;7.600;212.5;42.65;
1-1846;30.76;49.97;7.700;212.5;42.69;
1-1847;30.78;49.97;7.600;212.5;42.73;
1-1848;30.80;49.97;7.700;212.5;42.77;
1-1849;30.81;49.97;7.800;212.6;42.81;
1-1850;30.83;49.97;7.600;212.6;42.85;
1-1851;30.85;49.97;7.700;212.6;42.89;
1-1852;30.86;49.97;7.900;212.6;42.93;
1-1853;30.88;49.97;7.900;212.6;42.97;
1-1854;30.90;49.97;7.800;212.6;43.01;
1-1855;30.91;49.97;7.800;212.6;43.05;
1-1856;30.93;49.97;7.800;212.6;43.09;
1-1857;30.95;49.97;7.800;212.6;43.13;
1-1858;30.96;49.97;7.900;212.6;43.17;
1-1859;30.98;49.97;8.000;212.6;43.22;
1-1860;31.00;49.97;8.100;212.6;43.26;
1-1861;31.01;49.97;7.800;212.6;43.30;
1-1862;31.03;49.97;8.000;212.6;43.34;
1-1863;31.05;49.97;7.900;212.6;43.38;
1-1864;31.06;49.97;8.000;212.7;43.42;
1-1865;31.08;49.97;8.100;212.7;43.47;
1-1866;31.10;49.97;8.100;212.7;43.51;
1-1867;31.11;49.97;7.900;212.7;43.55;
1-1868;31.13;49.97;8.100;212.7;43.59;
1-1869;31.15;49.97;8.000;212.7;43.63;
1-1870;31.16;49.97;8.000;212.7;43.68;
1-1871;31.18;49.97;8.100;212.7;43.72;
1-1872;31.20;49.97;8.200;212.8;43.76;
1-1873;31.21;49.97;8.100;212.8;43.80;
1-1874;31.23;49.97;8.200;212.8;43.85;
1-1875;31.25;49.97;8.100;212.8;43.89;
1-1876;31.26;49.97;8.100;212.8;43.93;
1-1877;31.28;49.97;8.200;212.8;43.97;
1-1878;31.30;49.97;8.200;212.8;44.02;
1-1879;31.31;49.97;8.000;212.8;44.06;
1-1880;31.33;49.97;8.100;212.9;44.10;
1-1881;31.35;49.97;8.100;212.9;44.14;
1-1882;31.36;49.97;8.200;212.9;44.19;
1-1883;31.38;49.97;8.200;212.9;44.23;
1-1884;31.40;49.97;8.300;212.9;44.27;
1-1885;31.41;49.97;8.300;213.0;44.32;
1-1886;31.43;49.97;8.300;213.0;44.36;
1-1887;31.45;49.97;8.200;213.0;44.40;
1-1888;31.46;49.97;8.300;213.0;44.45;
1-1889;31.48;49.97;8.400;213.0;44.49;
1-1890;31.50;49.97;8.300;213.0;44.53;
1-1891;31.51;49.97;8.300;213.0;44.58;
1-1892;31.53;49.97;8.200;213.0;44.62;
1-1893;31.55;49.97;8.200;213.0;44.66;
1-1894;31.56;49.97;8.400;213.0;44.71;
1-1895;31.58;49.97;8.400;213.0;44.75;
1-1896;31.60;49.97;8.500;213.1;44.79;
1-1897;31.61;49.97;8.300;213.1;44.84;
1-1898;31.63;49.97;8.400;213.1;44.88;
1-1899;31.65;49.97;8.300;213.1;44.93;
1-1900;31.66;49.97;8.400;213.1;44.97;
1-1901;31.68;49.97;8.400;213.2;45.01;
1-1902;31.70;49.97;8.500;213.2;45.06;
1-1903;31.71;49.97;8.400;213.2;45.10;
1-1904;31.73;49.97;8.400;213.2;45.15;
1-1905;31.75;49.97;8.500;213.2;45.19;
1-1906;31.76;49.97;8.400;213.2;45.23;
1-1907;31.78;49.97;8.600;213.2;45.28;
1-1908;31.80;49.97;8.600;213.2;45.32;
1-1909;31.81;49.97;8.500;213.2;45.37;
1-1910;31.83;49.97;8.500;213.2;45.41;
1-1911;31.85;49.97;8.500;213.2;45.46;
1-1912;31.86;49.97;8.500;213.2;45.50;
1-1913;31.88;49.97;8.500;213.2;45.55;
1-1914;31.90;49.97;8.700;213.2;45.59;
1-1915;31.91;49.97;8.500;213.2;45.64;
1-1916;31.93;49.97;8.600;213.2;45.68;
1-1917;31.95;49.97;8.500;213.2;45.73;
1-1918;31.96;49.97;8.500;213.3;45.77;
1-1919;31.98;49.97;8.600;213.3;45.82;
1-1920;32.00;49.97;8.700;213.3;45.86;
1-1921;32.01;49.97;8.600;213.3;45.91;
1-1922;32.03;49.97;8.500;213.3;45.95;
1-1923;32.05;49.97;8.600;213.3;46.00;
1-1924;32.06;49.97;8.600;213.3;46.04;
1-1925;32.08;49.97;8.700;213.3;46.09;
1-1926;32.10;49.97;8.700;213.4;46.13;
1-1927;32.11;49.97;8.600;213.4;46.18;
1-1928;32.13;49.97;8.700;213.4;46.22;
1-1929;32.15;49.97;8.600;213.4;46.27;
1-1930;32.16;49.97;8.700;213.4;46.31;
1-1931;32.18;49.97;8.600;213.4;46.36;
1-1932;32.20;49.97;8.800;213.4;46.40;
1-1933;32.21;49.97;8.600;213.4;46.45;
1-1934;32.23;49.97;8.800;213.4;46.49;
1-1935;32.25;49.97;8.600;213.4;46.54;
1-1936;32.26;49.97;8.700;213.4;46.58;
1-1937;32.28;49.97;8.700;213.4;46.63;
1-1938;32.30;49.97;8.600;213.4;46.68;
1-1939;32.31;49.97;8.800;213.5;46.72;
1-1940;32.33;49.97;8.700;213.5;46.77;
1-1941;32.35;49.97;8.700;213.5;46.81;
1-1942;32.37;49.97;8.800;213.5;46.86;
1-1943;32.38;49.97;8.800;213.5;46.91;
1-1944;32.40;49.97;8.900;213.5;46.95;
1-1945;32.42;49.97;8.800;213.5;47.00;
1-1946;32.43;49.97;8.700;213.5;47.04;
1-1947;32.45;49.97;8.800;213.5;47.09;
1-1948;32.47;49.97;8.800;213.5;47.14;
1-1949;32.48;49.97;8.700;213.5;47.18;
1-1950;32.50;49.97;8.800;213.5;47.23;
1-1951;32.52;49.97;8.800;213.5;47.28;
1-1952;32.53;49.97;8.800;213.5;47.32;
1-1953;32.55;49.97;8.900;213.5;47.37;
1-1954;32.57;49.97;8.700;213.5;47.42;
1-1955;32.58;49.97;8.900;213.5;47.46;
1-1956;32.60;49.97;8.900;213.6;47.51;
1-1957;32.62;49.97;8.800;213.6;47.55;
1-1958;32.63;49.97;8.900;213.6;47.60;
1-1959;32.65;49.97;8.700;213.6;47.65;
1-1960;32.67;49.97;9.000;213.6;47.70;
1-1961;32.68;49.97;8.800;213.6;47.74;
1-1962;32.70;49.97;8.900;213.6;47.79;
1-1963;32.72;49.97;8.800;213.6;47.83;
1-1964;32.73;49.97;8.700;213.6;47.88;
1-1965;32.75;49.97;8.900;213.6;47.93;
1-1966;32.77;49.97;8.800;213.6;47.97;
1-1967;32.78;49.97;8.900;213.6;48.02;
1-1968;32.80;49.97;8.900;213.7;48.07;
1-1969;32.82;49.97;8.900;213.7;48.11;
1-1970;32.83;49.97;8.800;213.7;48.16;
1-1971;32.85;49.97;8.900;213.7;48.21;
1-1972;32.87;49.97;8.800;213.6;48.25;
1-1973;32.88;49.97;9.000;213.7;48.30;
1-1974;32.90;49.97;9.000;213.7;48.35;
1-1975;32.92;49.97;8.800;213.7;48.40;
1-1976;32.93;49.97;8.900;213.7;48.44;
1-1977;32.95;49.97;8.900;213.7;48.49;
1-1978;32.97;49.97;8.900;213.7;48.53;
1-1979;32.98;49.97;8.900;213.7;48.58;
1-1980;33.00;49.97;8.900;213.7;48.63;
1-1981;33.02;49.97;9.000;213.7;48.67;
1-1982;33.03;49.97;8.900;213.7;48.72;
1-1983;33.05;49.97;8.800;213.7;48.77;
1-1984;33.07;49.97;8.900;213.7;48.82;
1-1985;33.09;49.97;9.000;213.7;48.86;
1-1986;33.10;49.97;8.900;213.7;48.91;
1-1987;33.12;49.97;8.900;213.7;48.96;
1-1988;33.14;49.97;8.900;213.7;49.00;
1-1989;33.15;49.97;8.900;213.8;49.05;
1-1990;33.17;49.97;8.900;213.8;49.10;
1-1991;33.19;49.97;9.000;213.8;49.14;
1-1992;33.20;49.97;9.000;213.8;49.19;
1-1993;33.22;49.97;8.700;213.8;49.24;
1-1994;33.24;49.97;9.000;213.8;49.28;
1-1995;33.25;49.97;8.900;213.8;49.33;
1-1996;33.27;49.97;9.000;213.8;49.38;
1-1997;33.29;49.97;8.900;213.8;49.42;
1-1998;33.30;49.97;9.000;213.8;49.47;
1-1999;33.32;49.97;8.900;213.8;49.52;
1-2000;33.34;49.97;9.000;213.8;49.57;
1-2001;33.35;49.97;8.900;213.8;49.61;
1-2002;33.37;49.97;8.900;213.8;49.66;
1-2003;33.39;49.97;9.100;213.8;49.71;
1-2004;33.40;49.97;8.900;213.8;49.75;
1-2005;33.42;49.97;8.900;213.8;49.80;
1-2006;33.44;49.97;9.000;213.8;49.85;
1-2007;33.45;49.97;8.900;213.8;49.89;
1-2008;33.47;49.97;9.000;213.8;49.94;
1-2009;33.49;49.97;9.000;213.8;49.99;
1-2010;33.50;49.97;9.000;213.8;50.04;
1-2011;33.52;49.97;8.800;213.9;50.08;
1-2012;33.54;49.97;9.000;213.9;50.13;
1-2013;33.55;49.97;8.800;213.9;50.18;
1-2014;33.57;49.97;9.000;213.8;50.22;
1-2015;33.59;49.97;8.900;213.9;50.27;
1-2016;33.60;49.97;9.000;213.9;50.32;
1-2017;33.62;49.97;8.800;213.9;50.36;
1-2018;33.64;49.97;8.900;213.9;50.41;
1-2019;33.65;49.97;8.900;213.8;50.46;
1-2020;33.67;49.97;8.800;213.8;50.50;
1-2021;33.69;49.97;9.100;213.8;50.55;
1-2022;33.70;49.97;9.000;213.9;50.60;
1-2023;33.72;49.97;9.000;213.9;50.64;
1-2024;33.74;49.97;8.900;213.9;50.69;
1-2025;33.75;49.97;9.000;213.9;50.74;
1-2026;33.77;49.97;9.000;213.9;50.78;
1-2027;33.79;49.97;9.000;213.9;50.83;
1-2028;33.80;49.97;9.200;213.9;50.88;
1-2029;33.82;49.97;8.900;213.9;50.93;
1-2030;33.84;49.97;9.100;213.9;50.97;
1-2031;33.85;49.97;9.000;213.9;51.02;
1-2032;33.87;49.97;9.100;213.9;51.07;
1-2033;33.89;49.97;9.000;213.9;51.12;
1-2034;33.90;49.97;9.100;213.9;51.16;
1-2035;33.92;49.97;9.100;213.9;51.21;
1-2036;33.94;49.97;9.100;213.9;51.26;
1-2037;33.95;49.97;9.100;213.9;51.31;
1-2038;33.97;49.97;9.100;213.9;51.35;
1-2039;33.99;49.97;9.200;213.9;51.40;
1-2040;34.00;49.97;9.100;213.9;51.45;
1-2041;34.02;49.97;9.100;214.0;51.50;
1-2042;34.04;49.97;9.100;214.0;51.55;
1-2043;34.05;49.97;9.200;213.9;51.59;
1-2044;34.07;49.97;9.200;214.0;51.64;
1-2045;34.09;49.97;9.100;214.0;51.69;
1-2046;34.10;49.97;9.300;214.0;51.74;
1-2047;34.12;49.97;9.100;214.0;51.79;
1-2048;34.14;49.97;9.200;214.0;51.83;
1-2049;34.15;49.97;9.200;214.0;51.88;
1-2050;34.17;49.97;9.300;214.0;51.93;
1-2051;34.19;49.97;9.300;214.0;51.98;
1-2052;34.20;49.97;9.400;214.0;52.03;
1-2053;34.22;49.97;9.200;214.0;52.08;
1-2054;34.24;49.97;9.300;214.0;52.13;
1-2055;34.25;49.97;9.300;214.0;52.18;
1-2056;34.27;49.97;9.200;214.0;52.22;
1-2057;34.29;49.97;9.500;214.0;52.27;
1-2058;34.30;49.97;9.400;214.0;52.32;
1-2059;34.32;49.97;9.300;214.0;52.37;
1-2060;34.34;49.97;9.300;214.0;52.42;
1-2061;34.35;49.97;9.300;214.0;52.47;
1-2062;34.37;49.97;9.300;214.0;52.52;
1-2063;34.39;49.97;9.300;214.0;52.57;
1-2064;34.40;49.97;9.500;214.0;52.62;
1-2065;34.42;49.97;9.300;214.0;52.66;
1-2066;34.44;49.97;9.300;214.1;52.71;
1-2067;34.45;49.97;9.300;214.1;52.76;
1-2068;34.47;49.97;9.400;214.1;52.81;
1-2069;34.49;49.97;9.400;214.1;52.86;
1-2070;34.50;49.97;9.400;214.1;52.91;
1-2071;34.52;49.97;9.500;214.1;52.96;
1-2072;34.54;49.97;9.400;214.1;53.01;
1-2073;34.55;49.97;9.400;214.1;53.06;
1-2074;34.57;49.97;9.400;214.1;53.11;
1-2075;34.59;49.97;9.600;214.1;53.16;
1-2076;34.61;49.97;9.400;214.1;53.21;
1-2077;34.62;49.97;9.500;214.1;53.26;
1-2078;34.64;49.97;9.500;214.1;53.31;
1-2079;34.66;49.97;9.500;214.2;53.36;
1-2080;34.67;49.97;9.500;214.2;53.41;
1-2081;34.69;49.97;9.500;214.2;53.46;
1-2082;34.71;49.97;9.700;214.2;53.51;
1-2083;34.72;49.97;9.500;214.2;53.56;
1-2084;34.74;49.97;9.500;214.2;53.61;
1-2085;34.76;49.97;9.600;214.2;53.66;
1-2086;34.77;49.97;9.600;214.2;53.71;
1-2087;34.79;49.97;9.500;214.2;53.76;
1-2088;34.81;49.97;9.600;214.2;53.81;
1-2089;34.82;49.97;9.600;214.2;53.86;
1-2090;34.84;49.97;9.500;214.2;53.91;
1-2091;34.86;49.97;9.700;214.2;53.96;
1-2092;34.87;49.97;9.500;214.3;54.01;
1-2093;34.89;49.97;9.600;214.3;54.06;
1-2094;34.91;49.97;9.700;214.3;54.11;
1-2095;34.92;49.97;9.700;214.3;54.16;
1-2096;34.94;49.97;9.600;214.3;54.21;
1-2097;34.96;49.97;9.700;214.3;54.26;
1-2098;34.97;49.97;9.700;214.3;54.31;
1-2099;34.99;49.97;9.600;214.3;54.36;
1-2100;35.01;49.97;9.800;214.3;54.41;
1-2101;35.02;49.97;9.700;214.3;54.46;
1-2102;35.04;49.97;9.600;214.3;54.51;
1-2103;35.06;49.97;9.700;214.3;54.56;
1-2104;35.07;49.97;9.700;214.4;54.62;
1-2105;35.09;49.97;9.700;214.4;54.67;
1-2106;35.11;49.97;9.800;214.3;54.72;
1-2107;35.12;49.97;9.800;214.4;54.77;
1-2108;35.14;49.97;9.700;214.4;54.82;
1-2109;35.16;49.97;9.800;214.4;54.87;
1-2110;35.17;49.97;9.600;214.4;54.92;
1-2111;35.19;49.97;9.800;214.4;54.97;
1-2112;35.21;49.97;9.800;214.4;55.02;
1-2113;35.22;49.97;9.900;214.4;55.07;
1-2114;35.24;49.97;9.700;214.4;55.13;
1-2115;35.26;49.97;9.900;214.4;55.18;
1-2116;35.27;49.97;9.800;214.5;55.23;

