D:\Documents and Settings\All Users\Documents\Thermo\PolySoft\Projects\JanLDHTEST Dec2015.pmp\JanDec_0006.pld


 ;t [min];Revolution Speed [1/min];Torque [Nm];TM [°C];E [kJ];
1-1;0.01302;49.97;44.50;170.7;0.04547;
1-2;0.02968;49.97;38.40;164.0;0.262;
1-3;0.04635;49.97;34.50;157.5;0.453;
1-4;0.06302;49.97;30.90;153.0;0.624;
1-5;0.07968;49.97;31.70;151.3;0.788;
1-6;0.09635;49.97;27.30;149.7;0.942;
1-7;0.113;49.97;28.00;149.4;1.087;
1-8;0.130;49.97;26.80;149.4;1.231;
1-9;0.146;49.97;25.70;149.9;1.368;
1-10;0.163;49.97;24.40;150.7;1.499;
1-11;0.180;49.97;24.40;151.1;1.627;
1-12;0.196;49.97;23.90;151.9;1.753;
1-13;0.213;49.97;23.80;152.9;1.878;
1-14;0.230;49.97;22.60;153.4;1.999;
1-15;0.246;49.97;21.50;154.4;2.115;
1-16;0.263;49.97;21.20;155.4;2.226;
1-17;0.280;49.97;20.70;155.8;2.336;
1-18;0.296;49.97;20.10;156.9;2.443;
1-19;0.313;49.97;19.90;157.9;2.548;
1-20;0.330;49.97;19.30;158.4;2.650;
1-21;0.346;49.97;18.50;159.4;2.749;
1-22;0.363;49.97;17.90;160.6;2.844;
1-23;0.380;49.97;17.30;161.2;2.936;
1-24;0.396;49.97;16.90;162.2;3.026;
1-25;0.413;49.97;16.60;163.3;3.113;
1-26;0.430;49.97;16.10;163.9;3.199;
1-27;0.446;49.97;15.40;164.9;3.281;
1-28;0.463;49.97;14.90;165.8;3.361;
1-29;0.480;49.97;14.70;166.3;3.438;
1-30;0.496;49.97;13.90;167.3;3.513;
1-31;0.513;49.97;13.90;168.2;3.586;
1-32;0.530;49.97;13.30;168.6;3.657;
1-33;0.546;49.97;13.00;169.5;3.726;
1-34;0.563;49.97;12.40;170.4;3.792;
1-35;0.580;49.97;12.30;170.8;3.857;
1-36;0.596;49.97;11.90;171.6;3.920;
1-37;0.613;49.97;11.60;172.3;3.982;
1-38;0.630;49.97;11.40;172.7;4.042;
1-39;0.646;49.97;11.00;173.4;4.100;
1-40;0.663;49.97;10.70;174.1;4.157;
1-41;0.680;49.97;10.50;174.4;4.213;
1-42;0.696;49.97;10.30;175.0;4.267;
1-43;0.713;49.97;10.20;175.6;4.321;
1-44;0.730;49.97;9.900;175.9;4.373;
1-45;0.746;49.97;9.800;176.4;4.425;
1-46;0.763;49.97;9.700;177.0;4.476;
1-47;0.780;49.97;9.500;177.3;4.526;
1-48;0.796;49.97;9.200;177.8;4.575;
1-49;0.813;49.97;9.300;178.3;4.624;
1-50;0.830;49.97;9.000;178.5;4.671;
1-51;0.846;49.97;8.900;179.0;4.718;
1-52;0.863;49.97;8.700;179.5;4.764;
1-53;0.880;49.97;8.700;179.7;4.810;
1-54;0.896;49.97;8.500;180.1;4.855;
1-55;0.913;49.97;8.500;180.6;4.899;
1-56;0.930;49.97;8.400;180.8;4.944;
1-57;0.946;49.97;8.300;181.2;4.987;
1-58;0.963;49.97;8.200;181.6;5.030;
1-59;0.980;49.97;8.200;181.8;5.073;
1-60;0.996;49.97;8.000;182.1;5.116;
1-61;1.013;49.97;8.000;182.5;5.158;
1-62;1.030;49.97;8.000;182.6;5.199;
1-63;1.046;49.97;7.900;183.0;5.241;
1-64;1.063;49.97;7.800;183.3;5.282;
1-65;1.080;49.97;7.800;183.5;5.323;
1-66;1.096;49.97;7.600;183.8;5.363;
1-67;1.113;49.97;7.700;184.1;5.403;
1-68;1.130;49.97;7.500;184.2;5.443;
1-69;1.146;49.97;7.600;184.5;5.483;
1-70;1.163;49.97;7.400;184.8;5.522;
1-71;1.180;49.97;7.500;184.9;5.561;
1-72;1.196;49.97;7.300;185.2;5.600;
1-73;1.213;49.97;7.400;185.4;5.638;
1-74;1.230;49.97;7.300;185.6;5.676;
1-75;1.246;49.97;7.300;185.8;5.715;
1-76;1.263;49.97;7.200;186.0;5.753;
1-77;1.280;49.97;7.200;186.1;5.790;
1-78;1.296;49.97;7.100;186.3;5.828;
1-79;1.313;49.97;7.100;186.6;5.865;
1-80;1.330;49.97;7.100;186.7;5.902;
1-81;1.346;49.97;7.100;186.9;5.939;
1-82;1.363;49.97;6.900;187.1;5.976;
1-83;1.380;49.97;7.000;187.2;6.012;
1-84;1.396;49.97;6.800;187.4;6.048;
1-85;1.413;49.97;6.900;187.6;6.084;
1-86;1.430;49.97;6.800;187.7;6.120;
1-87;1.446;49.97;6.900;187.9;6.156;
1-88;1.463;49.97;6.700;188.1;6.191;
1-89;1.480;49.97;6.800;188.1;6.227;
1-90;1.496;49.97;6.700;188.3;6.262;
1-91;1.513;49.97;6.700;188.5;6.297;
1-92;1.530;49.97;6.700;188.6;6.332;
1-93;1.546;49.97;6.600;188.8;6.367;
1-94;1.563;49.97;6.600;188.9;6.402;
1-95;1.580;49.97;6.600;189.0;6.436;
1-96;1.596;49.97;6.500;189.2;6.470;
1-97;1.613;49.97;6.500;189.3;6.504;
1-98;1.630;49.97;6.500;189.4;6.538;
1-99;1.646;49.97;6.500;189.5;6.572;
1-100;1.663;49.97;6.500;189.7;6.606;
1-101;1.680;49.97;6.500;189.8;6.640;
1-102;1.696;49.97;6.300;189.9;6.674;
1-103;1.713;49.97;6.400;190.0;6.707;
1-104;1.730;49.97;6.300;190.1;6.740;
1-105;1.746;49.97;6.300;190.3;6.773;
1-106;1.763;49.97;6.200;190.5;6.806;
1-107;1.780;49.97;6.300;190.5;6.839;
1-108;1.796;49.97;6.200;190.6;6.872;
1-109;1.813;49.97;6.200;190.8;6.904;
1-110;1.830;49.97;6.200;190.8;6.936;
1-111;1.846;49.97;6.200;190.9;6.969;
1-112;1.863;49.97;6.100;191.1;7.001;
1-113;1.880;49.97;6.100;191.1;7.033;
1-114;1.896;49.97;6.000;191.3;7.065;
1-115;1.913;49.97;6.000;191.4;7.096;
1-116;1.930;49.97;6.100;191.4;7.128;
1-117;1.946;49.97;6.000;191.5;7.159;
1-118;1.963;49.97;6.000;191.7;7.191;
1-119;1.980;49.97;6.100;191.7;7.222;
1-120;1.996;49.97;5.900;191.9;7.254;
1-121;2.013;49.97;6.000;192.0;7.285;
1-122;2.030;49.97;6.000;192.1;7.316;
1-123;2.046;49.97;6.000;192.1;7.348;
1-124;2.063;49.97;5.900;192.2;7.379;
1-125;2.080;49.97;6.000;192.3;7.410;
1-126;2.096;49.97;5.900;192.4;7.441;
1-127;2.113;49.97;5.900;192.5;7.472;
1-128;2.130;49.97;5.900;192.6;7.503;
1-129;2.146;49.97;5.800;192.7;7.534;
1-130;2.163;49.97;5.800;192.8;7.564;
1-131;2.180;49.97;5.800;192.8;7.594;
1-132;2.196;49.97;5.800;193.0;7.625;
1-133;2.213;49.97;5.700;193.1;7.655;
1-134;2.230;49.97;5.800;193.1;7.685;
1-135;2.246;49.97;5.700;193.2;7.715;
1-136;2.263;49.97;5.700;193.3;7.745;
1-137;2.280;49.97;5.700;193.4;7.775;
1-138;2.296;49.97;5.600;193.5;7.804;
1-139;2.313;49.97;5.700;193.6;7.834;
1-140;2.330;49.97;5.600;193.6;7.863;
1-141;2.346;49.97;5.700;193.7;7.893;
1-142;2.363;49.97;5.600;193.8;7.922;
1-143;2.380;49.97;5.600;193.9;7.952;
1-144;2.396;49.97;5.600;194.0;7.981;
1-145;2.413;49.97;5.600;194.1;8.010;
1-146;2.430;49.97;5.600;194.1;8.040;
1-147;2.446;49.97;5.600;194.2;8.069;
1-148;2.463;49.97;5.600;194.3;8.098;
1-149;2.480;49.97;5.500;194.4;8.127;
1-150;2.496;49.97;5.500;194.4;8.156;
1-151;2.513;49.97;5.500;194.5;8.185;
1-152;2.530;49.97;5.500;194.6;8.214;
1-153;2.546;49.97;5.500;194.7;8.242;
1-154;2.563;49.97;5.500;194.8;8.271;
1-155;2.580;49.97;5.500;194.8;8.300;
1-156;2.596;49.97;5.400;194.9;8.328;
1-157;2.613;49.97;5.400;195.0;8.357;
1-158;2.630;49.97;5.400;195.0;8.385;
1-159;2.646;49.97;5.400;195.1;8.413;
1-160;2.663;49.97;5.400;195.2;8.441;
1-161;2.680;49.97;5.400;195.3;8.470;
1-162;2.696;49.97;5.400;195.4;8.498;
1-163;2.713;49.97;5.300;195.5;8.526;
1-164;2.730;49.97;5.300;195.5;8.554;
1-165;2.746;49.97;5.300;195.6;8.581;
1-166;2.763;49.97;5.400;195.7;8.609;
1-167;2.780;49.97;5.300;195.7;8.637;
1-168;2.796;49.97;5.300;195.8;8.665;
1-169;2.813;49.97;5.200;195.9;8.693;
1-170;2.830;49.97;5.300;196.0;8.720;
1-171;2.846;49.97;5.200;196.0;8.748;
1-172;2.863;49.97;5.300;196.1;8.775;
1-173;2.880;49.97;5.200;196.2;8.803;
1-174;2.896;49.97;5.200;196.2;8.830;
1-175;2.913;49.97;5.100;196.3;8.857;
1-176;2.930;49.97;5.200;196.4;8.884;
1-177;2.946;49.97;5.200;196.4;8.911;
1-178;2.963;49.97;5.200;196.5;8.938;
1-179;2.980;49.97;5.200;196.6;8.965;
1-180;2.996;49.97;5.200;196.6;8.993;
1-181;3.013;49.97;5.100;196.7;9.020;
1-182;3.030;49.97;5.200;196.8;9.046;
1-183;3.046;49.97;5.100;196.8;9.073;
1-184;3.063;49.97;5.200;196.9;9.100;
1-185;3.080;49.97;5.100;197.0;9.127;
1-186;3.096;49.97;5.100;197.0;9.154;
1-187;3.113;49.97;5.000;197.1;9.180;
1-188;3.130;49.97;5.100;197.2;9.207;
1-189;3.146;49.97;5.000;197.2;9.233;
1-190;3.163;49.97;5.100;197.3;9.260;
1-191;3.180;49.97;5.000;197.4;9.286;
1-192;3.196;49.97;5.100;197.4;9.313;
1-193;3.213;49.97;5.000;197.4;9.339;
1-194;3.230;49.97;5.000;197.5;9.365;
1-195;3.246;49.97;5.000;197.6;9.391;
1-196;3.263;49.97;5.000;197.6;9.417;
1-197;3.280;49.97;5.000;197.7;9.444;
1-198;3.296;49.97;5.000;197.8;9.470;
1-199;3.313;49.97;4.900;197.8;9.496;
1-200;3.330;49.97;5.000;197.9;9.522;
1-201;3.346;49.97;4.900;198.0;9.548;
1-202;3.363;49.97;5.000;198.0;9.573;
1-203;3.380;49.97;4.900;198.1;9.599;
1-204;3.396;49.97;5.000;198.1;9.625;
1-205;3.413;49.97;4.900;198.2;9.651;
1-206;3.430;49.97;5.000;198.2;9.677;
1-207;3.446;49.97;4.900;198.2;9.703;
1-208;3.463;49.97;4.900;198.3;9.729;
1-209;3.480;49.97;4.900;198.4;9.754;
1-210;3.496;49.97;4.900;198.5;9.780;
1-211;3.513;49.97;4.800;198.5;9.805;
1-212;3.530;49.97;4.900;198.6;9.831;
1-213;3.546;49.97;4.900;198.6;9.856;
1-214;3.563;49.97;4.900;198.7;9.882;
1-215;3.580;49.97;4.800;198.8;9.907;
1-216;3.596;49.97;4.900;198.8;9.933;
1-217;3.613;49.97;4.800;198.8;9.958;
1-218;3.630;49.97;4.800;198.9;9.983;
1-219;3.646;49.97;4.800;198.9;10.01;
1-220;3.663;49.97;4.900;199.0;10.03;
1-221;3.680;49.97;4.800;199.1;10.06;
1-222;3.696;49.97;4.800;199.1;10.08;
1-223;3.713;49.97;4.800;199.2;10.11;
1-224;3.730;49.97;4.800;199.2;10.13;
1-225;3.746;49.97;4.800;199.2;10.16;
1-226;3.763;49.97;4.800;199.3;10.18;
1-227;3.780;49.97;4.800;199.4;10.21;
1-228;3.796;49.97;4.800;199.4;10.23;
1-229;3.813;49.97;4.700;199.5;10.26;
1-230;3.830;49.97;4.700;199.5;10.28;
1-231;3.846;49.97;4.800;199.5;10.31;
1-232;3.863;49.97;4.700;199.6;10.33;
1-233;3.880;49.97;4.700;199.6;10.36;
1-234;3.896;49.97;4.800;199.7;10.38;
1-235;3.913;49.97;4.700;199.8;10.41;
1-236;3.930;49.97;4.700;199.8;10.43;
1-237;3.946;49.97;4.700;199.8;10.46;
1-238;3.963;49.97;4.800;199.9;10.48;
1-239;3.980;49.97;4.700;199.9;10.51;
1-240;3.996;49.97;4.800;200.0;10.53;
1-241;4.013;49.97;4.700;200.0;10.56;
1-242;4.030;49.97;4.700;200.0;10.58;
1-243;4.046;49.97;4.700;200.1;10.61;
1-244;4.063;49.97;4.700;200.1;10.63;
1-245;4.080;49.97;4.700;200.2;10.66;
1-246;4.096;49.97;4.700;200.2;10.68;
1-247;4.113;49.97;4.700;200.3;10.70;
1-248;4.130;49.97;4.600;200.3;10.73;
1-249;4.146;49.97;4.700;200.3;10.75;
1-250;4.163;49.97;4.600;200.4;10.78;
1-251;4.180;49.97;4.600;200.4;10.80;
1-252;4.196;49.97;4.700;200.5;10.83;
1-253;4.213;49.97;4.600;200.5;10.85;
1-254;4.230;49.97;4.600;200.5;10.87;
1-255;4.246;49.97;4.600;200.6;10.90;
1-256;4.263;49.97;4.700;200.6;10.92;
1-257;4.280;49.97;4.600;200.7;10.95;
1-258;4.296;49.97;4.600;200.7;10.97;
1-259;4.313;49.97;4.600;200.8;11.00;
1-260;4.330;49.97;4.600;200.8;11.02;
1-261;4.346;49.97;4.600;200.8;11.04;
1-262;4.363;49.97;4.600;200.9;11.07;
1-263;4.380;49.97;4.600;200.9;11.09;
1-264;4.396;49.97;4.600;200.9;11.12;
1-265;4.413;49.97;4.600;201.0;11.14;
1-266;4.430;49.97;4.500;201.0;11.16;
1-267;4.446;49.97;4.600;201.0;11.19;
1-268;4.463;49.97;4.600;201.1;11.21;
1-269;4.480;49.97;4.600;201.1;11.24;
1-270;4.496;49.97;4.600;201.1;11.26;
1-271;4.513;49.97;4.600;201.2;11.28;
1-272;4.530;49.97;4.600;201.2;11.31;
1-273;4.546;49.97;4.500;201.2;11.33;
1-274;4.563;49.97;4.600;201.3;11.36;
1-275;4.580;49.97;4.500;201.3;11.38;
1-276;4.596;49.97;4.500;201.3;11.40;
1-277;4.613;49.97;4.500;201.4;11.43;
1-278;4.630;49.97;4.500;201.4;11.45;
1-279;4.646;49.97;4.500;201.4;11.47;
1-280;4.663;49.97;4.500;201.5;11.50;
1-281;4.680;49.97;4.600;201.6;11.52;
1-282;4.696;49.97;4.500;201.6;11.54;
1-283;4.713;49.97;4.500;201.6;11.57;
1-284;4.730;49.97;4.400;201.6;11.59;
1-285;4.746;49.97;4.500;201.7;11.61;
1-286;4.763;49.97;4.400;201.7;11.64;
1-287;4.780;49.97;4.500;201.8;11.66;
1-288;4.796;49.97;4.500;201.8;11.68;
1-289;4.813;49.97;4.500;201.8;11.71;
1-290;4.830;49.97;4.400;201.9;11.73;
1-291;4.846;49.97;4.500;201.9;11.75;
1-292;4.863;49.97;4.500;201.9;11.78;
1-293;4.880;49.97;4.500;202.0;11.80;
1-294;4.896;49.97;4.500;202.0;11.83;
1-295;4.913;49.97;4.500;202.0;11.85;
1-296;4.930;49.97;4.400;202.0;11.87;
1-297;4.946;49.97;4.500;202.0;11.90;
1-298;4.963;49.97;4.400;202.1;11.92;
1-299;4.980;49.97;4.500;202.1;11.94;
1-300;4.996;49.97;4.400;202.1;11.97;
1-301;5.013;49.97;4.500;202.2;11.99;
1-302;5.030;49.97;4.400;202.2;12.01;
1-303;5.046;49.97;4.500;202.2;12.04;
1-304;5.063;49.97;4.400;202.3;12.06;
1-305;5.080;49.97;4.400;202.3;12.08;
1-306;5.096;49.97;4.400;202.3;12.10;
1-307;5.113;49.97;4.400;202.4;12.13;
1-308;5.130;49.97;4.400;202.4;12.15;
1-309;5.146;49.97;4.400;202.4;12.17;
1-310;5.163;49.97;4.400;202.4;12.20;
1-311;5.180;49.97;4.400;202.5;12.22;
1-312;5.196;49.97;4.400;202.5;12.24;
1-313;5.213;49.97;4.400;202.5;12.27;
1-314;5.230;49.97;4.400;202.6;12.29;
1-315;5.246;49.97;4.400;202.6;12.31;
1-316;5.263;49.97;4.400;202.6;12.34;
1-317;5.280;49.97;4.500;202.7;12.36;
1-318;5.296;49.97;4.400;202.7;12.38;
1-319;5.313;49.97;4.400;202.7;12.40;
1-320;5.330;49.97;4.400;202.7;12.43;
1-321;5.346;49.97;4.400;202.8;12.45;
1-322;5.363;49.97;4.400;202.8;12.47;
1-323;5.380;49.97;4.400;202.8;12.50;
1-324;5.396;49.97;4.400;202.8;12.52;
1-325;5.413;49.97;4.400;202.9;12.54;
1-326;5.430;49.97;4.300;202.9;12.57;
1-327;5.446;49.97;4.400;202.9;12.59;
1-328;5.463;49.97;4.400;203.0;12.61;
1-329;5.480;49.97;4.400;203.0;12.63;
1-330;5.496;49.97;4.400;203.0;12.66;
1-331;5.513;49.97;4.400;203.1;12.68;
1-332;5.530;49.97;4.400;203.1;12.70;
1-333;5.546;49.97;4.400;203.1;12.73;
1-334;5.563;49.97;4.400;203.1;12.75;
1-335;5.580;49.97;4.400;203.2;12.77;
1-336;5.596;49.97;4.300;203.2;12.80;
1-337;5.613;49.97;4.400;203.2;12.82;
1-338;5.630;49.97;4.300;203.2;12.84;
1-339;5.646;49.97;4.400;203.3;12.86;
1-340;5.663;49.97;4.300;203.3;12.89;
1-341;5.680;49.97;4.400;203.3;12.91;
1-342;5.696;49.97;4.400;203.4;12.93;
1-343;5.713;49.97;4.400;203.4;12.96;
1-344;5.730;49.97;4.300;203.4;12.98;
1-345;5.746;49.97;4.300;203.4;13.00;
1-346;5.763;49.97;4.400;203.4;13.02;
1-347;5.780;49.97;4.400;203.4;13.05;
1-348;5.796;49.97;4.400;203.5;13.07;
1-349;5.813;49.97;4.400;203.5;13.09;
1-350;5.830;49.97;4.300;203.5;13.12;
1-351;5.846;49.97;4.400;203.6;13.14;
1-352;5.863;49.97;4.400;203.6;13.16;
1-353;5.880;49.97;4.400;203.6;13.18;
1-354;5.896;49.97;4.300;203.6;13.21;
1-355;5.913;49.97;4.400;203.7;13.23;
1-356;5.930;49.97;4.300;203.7;13.25;
1-357;5.946;49.97;4.400;203.7;13.27;
1-358;5.963;49.97;4.300;203.7;13.30;
1-359;5.980;49.97;4.400;203.8;13.32;
1-360;5.996;49.97;4.400;203.8;13.34;
1-361;6.013;49.97;4.400;203.8;13.37;
1-362;6.030;49.97;4.400;203.8;13.39;
1-363;6.046;49.97;4.300;203.8;13.41;
1-364;6.063;49.97;4.400;203.9;13.44;
1-365;6.080;49.97;4.400;203.9;13.46;
1-366;6.096;49.97;4.400;203.9;13.48;
1-367;6.113;49.97;4.400;204.0;13.50;
1-368;6.130;49.97;4.400;204.0;13.53;
1-369;6.146;49.97;4.400;204.0;13.55;
1-370;6.163;49.97;4.400;204.0;13.57;
1-371;6.180;49.97;4.400;204.1;13.60;
1-372;6.196;49.97;4.400;204.1;13.62;
1-373;6.213;49.97;4.400;204.1;13.64;
1-374;6.230;49.97;4.400;204.2;13.67;
1-375;6.246;49.97;4.400;204.2;13.69;
1-376;6.263;49.97;4.400;204.2;13.71;
1-377;6.280;49.97;4.400;204.2;13.73;
1-378;6.296;49.97;4.400;204.3;13.76;
1-379;6.313;49.97;4.400;204.3;13.78;
1-380;6.330;49.97;4.400;204.3;13.80;
1-381;6.346;49.97;4.400;204.3;13.83;
1-382;6.363;49.97;4.500;204.3;13.85;
1-383;6.380;49.97;4.400;204.4;13.87;
1-384;6.396;49.97;4.400;204.4;13.90;
1-385;6.413;49.97;4.400;204.4;13.92;
1-386;6.430;49.97;4.400;204.5;13.94;
1-387;6.446;49.97;4.400;204.5;13.97;
1-388;6.463;49.97;4.400;204.5;13.99;
1-389;6.480;49.97;4.500;204.5;14.01;
1-390;6.496;49.97;4.400;204.5;14.03;
1-391;6.513;49.97;4.500;204.6;14.06;
1-392;6.530;49.97;4.400;204.6;14.08;
1-393;6.546;49.97;4.500;204.6;14.10;
1-394;6.563;49.97;4.400;204.6;14.13;
1-395;6.580;49.97;4.500;204.7;14.15;
1-396;6.596;49.97;4.500;204.7;14.17;
1-397;6.613;49.97;4.500;204.7;14.20;
1-398;6.630;49.97;4.500;204.8;14.22;
1-399;6.646;49.97;4.500;204.8;14.25;
1-400;6.663;49.97;4.500;204.8;14.27;
1-401;6.680;49.97;4.500;204.8;14.29;
1-402;6.696;49.97;4.500;204.8;14.32;
1-403;6.713;49.97;4.500;204.9;14.34;
1-404;6.730;49.97;4.400;204.9;14.36;
1-405;6.746;49.97;4.400;204.9;14.39;
1-406;6.763;49.97;4.400;205.0;14.41;
1-407;6.780;49.97;4.500;205.0;14.43;
1-408;6.796;49.97;4.400;205.0;14.46;
1-409;6.813;49.97;4.400;205.0;14.48;
1-410;6.830;49.97;4.400;205.0;14.50;
1-411;6.846;49.97;4.400;205.0;14.52;
1-412;6.863;49.97;4.400;205.1;14.55;
1-413;6.880;49.97;4.400;205.1;14.57;
1-414;6.896;49.97;4.400;205.1;14.59;
1-415;6.913;49.97;4.400;205.1;14.62;
1-416;6.930;49.97;4.400;205.1;14.64;
1-417;6.946;49.97;4.300;205.2;14.66;
1-418;6.963;49.97;4.400;205.2;14.69;
1-419;6.980;49.97;4.300;205.2;14.71;
1-420;6.996;49.97;4.400;205.2;14.73;
1-421;7.013;49.97;4.300;205.2;14.75;
1-422;7.030;49.97;4.300;205.2;14.78;
1-423;7.046;49.97;4.300;205.2;14.80;
1-424;7.063;49.97;4.300;205.3;14.82;
1-425;7.080;49.97;4.400;205.3;14.84;
1-426;7.096;49.97;4.300;205.3;14.87;
1-427;7.113;49.97;4.300;205.3;14.89;
1-428;7.130;49.97;4.300;205.3;14.91;
1-429;7.146;49.97;4.300;205.3;14.93;
1-430;7.163;49.97;4.300;205.4;14.96;
1-431;7.180;49.97;4.300;205.4;14.98;
1-432;7.196;49.97;4.400;205.4;15.00;
1-433;7.213;49.97;4.300;205.4;15.02;
1-434;7.230;49.97;4.300;205.4;15.05;
1-435;7.246;49.97;4.300;205.4;15.07;
1-436;7.263;49.97;4.400;205.4;15.09;
1-437;7.280;49.97;4.300;205.4;15.12;
1-438;7.296;49.97;4.300;205.5;15.14;
1-439;7.313;49.97;4.300;205.5;15.16;
1-440;7.330;49.97;4.300;205.5;15.18;
1-441;7.346;49.97;4.300;205.5;15.21;
1-442;7.363;49.97;4.300;205.6;15.23;
1-443;7.380;49.97;4.400;205.6;15.25;
1-444;7.396;49.97;4.300;205.6;15.27;
1-445;7.413;49.97;4.300;205.6;15.30;
1-446;7.430;49.97;4.300;205.6;15.32;
1-447;7.446;49.97;4.300;205.6;15.34;
1-448;7.463;49.97;4.300;205.7;15.36;
1-449;7.480;49.97;4.300;205.7;15.39;
1-450;7.496;49.97;4.300;205.7;15.41;
1-451;7.513;49.97;4.300;205.7;15.43;
1-452;7.530;49.97;4.300;205.7;15.45;
1-453;7.546;49.97;4.200;205.7;15.48;
1-454;7.563;49.97;4.300;205.7;15.50;
1-455;7.580;49.97;4.300;205.7;15.52;
1-456;7.596;49.97;4.300;205.8;15.54;
1-457;7.613;49.97;4.300;205.8;15.57;
1-458;7.630;49.97;4.300;205.8;15.59;
1-459;7.646;49.97;4.300;205.8;15.61;
1-460;7.663;49.97;4.200;205.8;15.63;
1-461;7.680;49.97;4.300;205.8;15.65;
1-462;7.696;49.97;4.300;205.8;15.68;
1-463;7.713;49.97;4.300;205.9;15.70;
1-464;7.730;49.97;4.300;205.9;15.72;
1-465;7.746;49.97;4.200;205.9;15.74;
1-466;7.763;49.97;4.300;206.0;15.77;
1-467;7.780;49.97;4.200;206.0;15.79;
1-468;7.796;49.97;4.300;206.0;15.81;
1-469;7.813;49.97;4.300;206.0;15.83;
1-470;7.830;49.97;4.300;206.0;15.86;
1-471;7.846;49.97;4.300;206.0;15.88;
1-472;7.863;49.97;4.300;206.0;15.90;
1-473;7.880;49.97;4.300;206.0;15.92;
1-474;7.896;49.97;4.300;206.1;15.95;
1-475;7.913;49.97;4.300;206.1;15.97;
1-476;7.930;49.97;4.300;206.1;15.99;
1-477;7.946;49.97;4.300;206.1;16.01;
1-478;7.963;49.97;4.300;206.1;16.04;
1-479;7.980;49.97;4.400;206.2;16.06;
1-480;7.996;49.97;4.300;206.2;16.08;
1-481;8.013;49.97;4.300;206.2;16.10;
1-482;8.030;49.97;4.300;206.2;16.13;
1-483;8.046;49.97;4.300;206.2;16.15;
1-484;8.063;49.97;4.300;206.2;16.17;
1-485;8.080;49.97;4.300;206.2;16.19;
1-486;8.096;49.97;4.400;206.3;16.22;
1-487;8.113;49.97;4.300;206.3;16.24;
1-488;8.130;49.97;4.300;206.3;16.26;
1-489;8.146;49.97;4.300;206.3;16.28;
1-490;8.163;49.97;4.300;206.3;16.31;
1-491;8.180;49.97;4.300;206.3;16.33;
1-492;8.196;49.97;4.300;206.4;16.35;
1-493;8.213;49.97;4.400;206.4;16.38;
1-494;8.230;49.97;4.300;206.4;16.40;
1-495;8.246;49.97;4.300;206.4;16.42;
1-496;8.263;49.97;4.300;206.4;16.44;
1-497;8.280;49.97;4.400;206.4;16.47;
1-498;8.296;49.97;4.300;206.4;16.49;
1-499;8.313;49.97;4.400;206.5;16.51;
1-500;8.330;49.97;4.400;206.5;16.53;
1-501;8.346;49.97;4.300;206.5;16.56;
1-502;8.363;49.97;4.300;206.5;16.58;
1-503;8.380;49.97;4.300;206.5;16.60;
1-504;8.396;49.97;4.400;206.5;16.62;
1-505;8.413;49.97;4.400;206.5;16.65;
1-506;8.430;49.97;4.400;206.5;16.67;
1-507;8.446;49.97;4.400;206.5;16.69;
1-508;8.463;49.97;4.400;206.6;16.72;
1-509;8.480;49.97;4.400;206.6;16.74;
1-510;8.496;49.97;4.400;206.6;16.76;
1-511;8.513;49.97;4.400;206.6;16.79;
1-512;8.530;49.97;4.400;206.6;16.81;
1-513;8.546;49.97;4.400;206.6;16.83;
1-514;8.563;49.97;4.300;206.6;16.85;
1-515;8.580;49.97;4.400;206.7;16.88;
1-516;8.596;49.97;4.400;206.7;16.90;
1-517;8.613;49.97;4.400;206.7;16.92;
1-518;8.630;49.97;4.400;206.7;16.95;
1-519;8.646;49.97;4.400;206.7;16.97;
1-520;8.663;49.97;4.400;206.7;16.99;
1-521;8.680;49.97;4.400;206.7;17.02;
1-522;8.696;49.97;4.400;206.7;17.04;
1-523;8.713;49.97;4.400;206.7;17.06;
1-524;8.730;49.97;4.400;206.8;17.08;
1-525;8.746;49.97;4.400;206.8;17.11;
1-526;8.763;49.97;4.400;206.8;17.13;
1-527;8.780;49.97;4.400;206.8;17.15;
1-528;8.796;49.97;4.400;206.8;17.18;
1-529;8.813;49.97;4.500;206.8;17.20;
1-530;8.830;49.97;4.500;206.8;17.22;
1-531;8.846;49.97;4.500;206.8;17.25;
1-532;8.863;49.97;4.400;206.9;17.27;
1-533;8.880;49.97;4.500;206.9;17.29;
1-534;8.896;49.97;4.500;206.9;17.32;
1-535;8.913;49.97;4.500;206.9;17.34;
1-536;8.930;49.97;4.500;206.9;17.36;
1-537;8.946;49.97;4.500;206.9;17.39;
1-538;8.963;49.97;4.400;206.9;17.41;
1-539;8.980;49.97;4.400;206.9;17.43;
1-540;8.996;49.97;4.500;206.9;17.46;
1-541;9.013;49.97;4.500;207.0;17.48;
1-542;9.030;49.97;4.500;207.0;17.50;
1-543;9.046;49.97;4.600;207.0;17.53;
1-544;9.063;49.97;4.500;207.0;17.55;
1-545;9.080;49.97;4.500;207.0;17.58;
1-546;9.096;49.97;4.500;207.0;17.60;
1-547;9.113;49.97;4.600;207.0;17.62;
1-548;9.130;49.97;4.500;207.0;17.65;
1-549;9.146;49.97;4.600;207.0;17.67;
1-550;9.163;49.97;4.500;207.0;17.69;
1-551;9.180;49.97;4.600;207.1;17.72;
1-552;9.196;49.97;4.600;207.1;17.74;
1-553;9.213;49.97;4.600;207.1;17.77;
1-554;9.230;49.97;4.600;207.1;17.79;
1-555;9.246;49.97;4.600;207.1;17.81;
1-556;9.263;49.97;4.500;207.1;17.84;
1-557;9.280;49.97;4.500;207.1;17.86;
1-558;9.296;49.97;4.600;207.1;17.89;
1-559;9.313;49.97;4.600;207.1;17.91;
1-560;9.330;49.97;4.600;207.2;17.93;
1-561;9.346;49.97;4.600;207.1;17.96;
1-562;9.363;49.97;4.600;207.2;17.98;
1-563;9.380;49.97;4.600;207.2;18.01;
1-564;9.396;49.97;4.600;207.2;18.03;
1-565;9.413;49.97;4.700;207.2;18.05;
1-566;9.430;49.97;4.600;207.2;18.08;
1-567;9.446;49.97;4.700;207.2;18.10;
1-568;9.463;49.97;4.700;207.2;18.13;
1-569;9.480;49.97;4.700;207.2;18.15;
1-570;9.496;49.97;4.700;207.2;18.18;
1-571;9.513;49.97;4.700;207.2;18.20;
1-572;9.530;49.97;4.700;207.2;18.23;
1-573;9.546;49.97;4.700;207.3;18.25;
1-574;9.563;49.97;4.700;207.2;18.28;
1-575;9.580;49.97;4.700;207.3;18.30;
1-576;9.596;49.97;4.800;207.3;18.33;
1-577;9.613;49.97;4.800;207.3;18.35;
1-578;9.630;49.97;4.800;207.3;18.38;
1-579;9.646;49.97;4.800;207.3;18.40;
1-580;9.663;49.97;4.800;207.3;18.43;
1-581;9.680;49.97;4.800;207.4;18.45;
1-582;9.696;49.97;4.800;207.4;18.48;
1-583;9.713;49.97;4.900;207.4;18.50;
1-584;9.730;49.97;4.900;207.4;18.53;
1-585;9.746;49.97;4.900;207.4;18.55;
1-586;9.763;49.97;4.900;207.4;18.58;
1-587;9.780;49.97;4.900;207.4;18.60;
1-588;9.796;49.97;4.900;207.4;18.63;
1-589;9.813;49.97;4.900;207.4;18.66;
1-590;9.830;49.97;5.000;207.5;18.68;
1-591;9.846;49.97;4.900;207.5;18.71;
1-592;9.863;49.97;4.900;207.5;18.73;
1-593;9.880;49.97;4.900;207.5;18.76;
1-594;9.896;49.97;5.000;207.5;18.78;
1-595;9.913;49.97;5.000;207.5;18.81;
1-596;9.930;49.97;5.000;207.5;18.84;
1-597;9.946;49.97;5.100;207.5;18.86;
1-598;9.963;49.97;5.100;207.5;18.89;
1-599;9.980;49.97;5.100;207.5;18.92;
1-600;9.996;49.97;5.100;207.5;18.94;
1-601;10.01;49.97;5.200;207.6;18.97;
1-602;10.03;49.97;5.100;207.6;19.00;
1-603;10.05;49.97;5.200;207.6;19.02;
1-604;10.06;49.97;5.200;207.6;19.05;
1-605;10.08;49.97;5.200;207.6;19.08;
1-606;10.10;49.97;5.200;207.6;19.11;
1-607;10.11;49.97;5.200;207.6;19.13;
1-608;10.13;49.97;5.300;207.6;19.16;
1-609;10.15;49.97;5.300;207.6;19.19;
1-610;10.16;49.97;5.200;207.6;19.22;
1-611;10.18;49.97;5.300;207.7;19.24;
1-612;10.20;49.97;5.400;207.7;19.27;
1-613;10.21;49.97;5.400;207.7;19.30;
1-614;10.23;49.97;5.400;207.8;19.33;
1-615;10.25;49.97;5.500;207.7;19.36;
1-616;10.26;49.97;5.500;207.8;19.38;
1-617;10.28;49.97;5.500;207.8;19.41;
1-618;10.30;49.97;5.500;207.8;19.44;
1-619;10.31;49.97;5.600;207.8;19.47;
1-620;10.33;49.97;5.600;207.8;19.50;
1-621;10.35;49.97;5.600;207.8;19.53;
1-622;10.36;49.97;5.600;207.8;19.56;
1-623;10.38;49.97;5.600;207.8;19.59;
1-624;10.40;49.97;5.600;207.8;19.62;
1-625;10.41;49.97;5.600;207.8;19.65;
1-626;10.43;49.97;5.700;207.9;19.68;
1-627;10.45;49.97;5.600;207.9;19.71;
1-628;10.46;49.97;5.600;207.9;19.74;
1-629;10.48;49.97;5.600;207.9;19.76;
1-630;10.50;49.97;5.700;207.9;19.79;
1-631;10.51;49.97;5.700;207.9;19.82;
1-632;10.53;49.97;5.700;208.0;19.85;
1-633;10.55;49.97;5.800;208.0;19.88;
1-634;10.56;49.97;5.800;208.0;19.91;
1-635;10.58;49.97;5.700;208.0;19.94;
1-636;10.60;49.97;5.800;208.0;19.97;
1-637;10.61;49.97;5.900;208.1;20.01;
1-638;10.63;49.97;5.900;208.0;20.04;
1-639;10.65;49.97;5.900;208.0;20.07;
1-640;10.66;49.97;5.900;208.1;20.10;
1-641;10.68;49.97;5.900;208.1;20.13;
1-642;10.70;49.97;6.000;208.1;20.16;
1-643;10.71;49.97;6.000;208.1;20.19;
1-644;10.73;49.97;6.100;208.1;20.22;
1-645;10.75;49.97;6.100;208.1;20.25;
1-646;10.76;49.97;6.200;208.2;20.29;
1-647;10.78;49.97;6.100;208.2;20.32;
1-648;10.80;49.97;6.200;208.2;20.35;
1-649;10.81;49.97;6.200;208.2;20.38;
1-650;10.83;49.97;6.300;208.2;20.42;
1-651;10.85;49.97;6.200;208.2;20.45;
1-652;10.86;49.97;6.300;208.2;20.48;
1-653;10.88;49.97;6.300;208.3;20.51;
1-654;10.90;49.97;6.400;208.3;20.55;
1-655;10.91;49.97;6.400;208.3;20.58;
1-656;10.93;49.97;6.400;208.3;20.62;
1-657;10.95;49.97;6.400;208.3;20.65;
1-658;10.96;49.97;6.500;208.3;20.68;
1-659;10.98;49.97;6.400;208.4;20.72;
1-660;11.00;49.97;6.600;208.4;20.75;
1-661;11.01;49.97;6.500;208.4;20.78;
1-662;11.03;49.97;6.600;208.4;20.82;
1-663;11.05;49.97;6.600;208.4;20.85;
1-664;11.06;49.97;6.700;208.5;20.89;
1-665;11.08;49.97;6.600;208.5;20.92;
1-666;11.10;49.97;6.700;208.5;20.96;
1-667;11.11;49.97;6.700;208.5;20.99;
1-668;11.13;49.97;6.800;208.5;21.03;
1-669;11.15;49.97;6.800;208.5;21.06;
1-670;11.16;49.97;6.900;208.5;21.10;
1-671;11.18;49.97;6.800;208.6;21.14;
1-672;11.20;49.97;6.900;208.6;21.17;
1-673;11.21;49.97;7.000;208.6;21.21;
1-674;11.23;49.97;7.000;208.6;21.24;
1-675;11.25;49.97;6.900;208.6;21.28;
1-676;11.26;49.97;7.100;208.6;21.32;
1-677;11.28;49.97;7.000;208.7;21.35;
1-678;11.30;49.97;7.100;208.6;21.39;
1-679;11.31;49.97;7.100;208.7;21.43;
1-680;11.33;49.97;7.300;208.7;21.47;
1-681;11.35;49.97;7.200;208.7;21.50;
1-682;11.36;49.97;7.300;208.8;21.54;
1-683;11.38;49.97;7.200;208.8;21.58;
1-684;11.40;49.97;7.300;208.8;21.62;
1-685;11.41;49.97;7.400;208.8;21.66;
1-686;11.43;49.97;7.400;208.8;21.69;
1-687;11.45;49.97;7.500;208.8;21.73;
1-688;11.46;49.97;7.500;208.8;21.77;
1-689;11.48;49.97;7.500;208.9;21.81;
1-690;11.50;49.97;7.600;208.9;21.85;
1-691;11.51;49.97;7.800;208.9;21.89;
1-692;11.53;49.97;7.800;209.0;21.93;
1-693;11.55;49.97;7.700;209.0;21.97;
1-694;11.56;49.97;7.900;209.0;22.01;
1-695;11.58;49.97;7.800;209.0;22.06;
1-696;11.60;49.97;7.900;209.1;22.10;
1-697;11.61;49.97;7.900;209.1;22.14;
1-698;11.63;49.97;8.200;209.2;22.18;
1-699;11.65;49.97;8.200;209.2;22.22;
1-700;11.66;49.97;8.300;209.2;22.27;
1-701;11.68;49.97;8.200;209.2;22.31;
1-702;11.70;49.97;8.200;209.2;22.35;
1-703;11.71;49.97;8.500;209.3;22.40;
1-704;11.73;49.97;8.500;209.3;22.44;
1-705;11.75;49.97;8.500;209.3;22.48;
1-706;11.76;49.97;8.600;209.3;22.53;
1-707;11.78;49.97;8.600;209.4;22.57;
1-708;11.80;49.97;8.600;209.4;22.62;
1-709;11.81;49.97;8.800;209.4;22.67;
1-710;11.83;49.97;9.000;209.5;22.71;
1-711;11.85;49.97;8.800;209.5;22.76;
1-712;11.86;49.97;9.100;209.5;22.81;
1-713;11.88;49.97;9.000;209.6;22.85;
1-714;11.90;49.97;9.100;209.6;22.90;
1-715;11.91;49.97;9.200;209.6;22.95;
1-716;11.93;49.97;9.200;209.7;23.00;
1-717;11.95;49.97;9.300;209.7;23.04;
1-718;11.96;49.97;9.400;209.7;23.09;
1-719;11.98;49.97;9.400;209.8;23.14;
1-720;12.00;49.97;9.500;209.8;23.19;
1-721;12.01;49.97;9.700;209.8;23.24;
1-722;12.03;49.97;9.700;209.9;23.29;
1-723;12.05;49.97;9.900;209.9;23.34;
1-724;12.06;49.97;9.800;209.9;23.40;
1-725;12.08;49.97;9.900;209.9;23.45;
1-726;12.10;49.97;10.00;210.0;23.50;
1-727;12.11;49.97;10.30;210.0;23.55;
1-728;12.13;49.97;10.40;210.1;23.61;
1-729;12.15;49.97;10.20;210.1;23.66;
1-730;12.16;49.97;10.60;210.1;23.71;
1-731;12.18;49.97;10.40;210.2;23.77;
1-732;12.20;49.97;10.20;210.3;23.82;
1-733;12.21;49.97;10.50;210.3;23.88;
1-734;12.23;49.97;10.70;210.4;23.93;
1-735;12.25;49.97;10.50;210.5;23.99;
1-736;12.26;49.97;10.70;210.5;24.04;
1-737;12.28;49.97;10.80;210.5;24.10;
1-738;12.30;49.97;10.90;210.6;24.16;
1-739;12.31;49.97;11.00;210.6;24.21;
1-740;12.33;49.97;11.00;210.7;24.27;
1-741;12.35;49.97;11.40;210.8;24.33;
1-742;12.36;49.97;11.00;210.8;24.39;
1-743;12.38;49.97;11.60;210.9;24.45;
1-744;12.40;49.97;11.30;210.9;24.51;
1-745;12.41;49.97;12.00;211.0;24.57;
1-746;12.43;49.97;11.60;211.1;24.63;
1-747;12.45;49.97;11.90;211.2;24.69;
1-748;12.46;49.97;12.00;211.2;24.76;
1-749;12.48;49.97;12.00;211.2;24.82;
1-750;12.50;49.97;12.10;211.2;24.88;
1-751;12.51;49.97;12.30;211.4;24.94;
1-752;12.53;49.97;12.70;211.4;25.01;
1-753;12.55;49.97;12.50;211.4;25.08;
1-754;12.56;49.97;12.60;211.5;25.14;
1-755;12.58;49.97;12.80;211.6;25.21;
1-756;12.60;49.97;12.80;211.6;25.28;
1-757;12.61;49.97;12.90;211.7;25.34;
1-758;12.63;49.97;13.20;211.8;25.41;
1-759;12.65;49.97;13.30;211.8;25.48;
1-760;12.66;49.97;13.00;211.9;25.55;
1-761;12.68;49.97;13.40;211.9;25.62;
1-762;12.70;49.97;13.40;212.0;25.69;
1-763;12.71;49.97;13.80;212.1;25.76;
1-764;12.73;49.97;13.80;212.1;25.83;
1-765;12.75;49.97;13.80;212.2;25.90;
1-766;12.76;49.97;13.90;212.4;25.98;
1-767;12.78;49.97;13.90;212.4;26.05;
1-768;12.80;49.97;14.40;212.5;26.12;
1-769;12.81;49.97;14.20;212.6;26.20;
1-770;12.83;49.97;14.60;212.6;26.27;
1-771;12.85;49.97;14.60;212.8;26.35;
1-772;12.86;49.97;14.70;212.8;26.43;
1-773;12.88;49.97;14.90;212.9;26.50;
1-774;12.90;49.97;14.60;213.0;26.58;
1-775;12.91;49.97;14.90;213.0;26.66;
1-776;12.93;49.97;15.10;213.1;26.74;
1-777;12.95;49.97;14.80;213.2;26.82;
1-778;12.96;49.97;14.70;213.3;26.89;
1-779;12.98;49.97;15.30;213.4;26.97;
1-780;13.00;49.97;15.00;213.5;27.05;
1-781;13.01;49.97;15.40;213.6;27.13;
1-782;13.03;49.97;15.60;213.6;27.21;
1-783;13.05;49.97;15.70;213.7;27.29;
1-784;13.06;49.97;15.40;213.7;27.37;
1-785;13.08;49.97;15.90;213.8;27.46;
1-786;13.10;49.97;15.70;213.9;27.54;
1-787;13.11;49.97;15.80;214.0;27.62;
1-788;13.13;49.97;16.30;214.0;27.70;
1-789;13.15;49.97;16.10;214.1;27.79;
1-790;13.16;49.97;16.00;214.2;27.87;
1-791;13.18;49.97;16.30;214.2;27.96;
1-792;13.20;49.97;15.80;214.3;28.04;
1-793;13.21;49.97;16.30;214.3;28.13;
1-794;13.23;49.97;16.30;214.4;28.21;
1-795;13.25;49.97;16.40;214.4;28.30;
1-796;13.26;49.97;15.50;214.5;28.38;
1-797;13.28;49.97;16.60;214.5;28.46;
1-798;13.30;49.97;16.30;214.6;28.55;
1-799;13.31;49.97;16.30;214.6;28.64;
1-800;13.33;49.97;16.40;214.6;28.72;
1-801;13.35;49.97;16.20;214.7;28.81;
1-802;13.36;49.97;16.40;214.8;28.89;
1-803;13.38;49.97;16.60;214.8;28.98;
1-804;13.40;49.97;16.70;214.8;29.07;
1-805;13.41;49.97;16.60;214.9;29.15;
1-806;13.43;49.97;15.90;214.9;29.24;
1-807;13.45;49.97;17.00;215.0;29.32;
1-808;13.46;49.97;16.30;215.0;29.41;
1-809;13.48;49.97;16.80;215.0;29.50;
1-810;13.50;49.97;16.30;215.1;29.58;
1-811;13.51;49.97;16.10;215.2;29.67;
1-812;13.53;49.97;16.80;215.2;29.76;
1-813;13.55;49.97;17.10;215.2;29.84;
1-814;13.56;49.97;16.10;215.3;29.93;
1-815;13.58;49.97;16.80;215.3;30.02;
1-816;13.60;49.97;16.30;215.4;30.10;
1-817;13.61;49.97;16.20;215.5;30.19;
1-818;13.63;49.97;16.30;215.5;30.27;
1-819;13.65;49.97;16.50;215.5;30.36;
1-820;13.66;49.97;17.10;215.6;30.45;
1-821;13.68;49.97;16.60;215.6;30.54;
1-822;13.70;49.97;16.00;215.7;30.62;
1-823;13.71;49.97;16.70;215.7;30.71;
1-824;13.73;49.97;16.90;215.8;30.79;
1-825;13.75;49.97;16.90;215.8;30.88;
1-826;13.76;49.97;16.30;215.8;30.97;
1-827;13.78;49.97;16.10;215.9;31.05;
1-828;13.80;49.97;16.00;215.9;31.14;
1-829;13.81;49.97;16.10;216.0;31.22;
1-830;13.83;49.97;16.60;216.0;31.31;
1-831;13.85;49.97;16.60;216.0;31.39;
1-832;13.86;49.97;16.30;216.0;31.48;
1-833;13.88;49.97;15.80;216.1;31.56;
1-834;13.90;49.97;16.30;216.1;31.65;
1-835;13.91;49.97;16.50;216.2;31.73;
1-836;13.93;49.97;16.30;216.2;31.82;
1-837;13.95;49.97;16.10;216.2;31.91;
1-838;13.96;49.97;16.20;216.3;31.99;
1-839;13.98;49.97;15.70;216.3;32.07;
1-840;14.00;49.97;16.10;216.3;32.16;
1-841;14.01;49.97;16.20;216.3;32.24;
1-842;14.03;49.97;16.20;216.3;32.33;
1-843;14.05;49.97;15.90;216.3;32.41;
1-844;14.06;49.97;15.70;216.4;32.49;
1-845;14.08;49.97;15.30;216.4;32.57;
1-846;14.10;49.97;15.40;216.4;32.65;
1-847;14.11;49.97;15.20;216.4;32.73;
1-848;14.13;49.97;15.20;216.5;32.81;
1-849;14.15;49.97;15.60;216.5;32.89;
1-850;14.16;49.97;15.00;216.5;32.97;
1-851;14.18;49.97;15.00;216.5;33.05;
1-852;14.20;49.97;14.60;216.5;33.13;
1-853;14.21;49.97;15.00;216.6;33.21;
1-854;14.23;49.97;14.60;216.6;33.28;
1-855;14.25;49.97;14.70;216.6;33.36;
1-856;14.26;49.97;14.80;216.6;33.44;
1-857;14.28;49.97;14.10;216.6;33.51;
1-858;14.30;49.97;14.30;216.6;33.59;
1-859;14.31;49.97;14.10;216.6;33.66;
1-860;14.33;49.97;14.10;216.6;33.74;
1-861;14.35;49.97;13.60;216.6;33.81;
1-862;14.36;49.97;13.60;216.6;33.88;
1-863;14.38;49.97;13.20;216.6;33.95;
1-864;14.40;49.97;13.20;216.6;34.02;
1-865;14.41;49.97;13.00;216.7;34.09;
1-866;14.43;49.97;12.80;216.7;34.16;
1-867;14.45;49.97;12.70;216.7;34.22;
1-868;14.46;49.97;12.40;216.7;34.29;
1-869;14.48;49.97;12.10;216.7;34.35;
1-870;14.50;49.97;12.40;216.7;34.42;
1-871;14.51;49.97;11.80;216.7;34.48;
1-872;14.53;49.97;12.00;216.6;34.54;
1-873;14.55;49.97;12.00;216.6;34.60;
1-874;14.56;49.97;11.50;216.6;34.67;
1-875;14.58;49.97;11.20;216.6;34.73;
1-876;14.60;49.97;10.40;216.6;34.78;
1-877;14.61;49.97;11.30;216.5;34.84;
1-878;14.63;49.97;10.70;216.5;34.90;
1-879;14.65;49.97;10.70;216.5;34.95;
1-880;14.66;49.97;10.50;216.4;35.01;
1-881;14.68;49.97;10.10;216.4;35.06;
1-882;14.70;49.97;9.900;216.4;35.11;
1-883;14.71;49.97;10.10;216.4;35.17;
1-884;14.73;49.97;9.900;216.3;35.22;
1-885;14.75;49.97;9.800;216.3;35.27;
1-886;14.76;49.97;9.200;216.3;35.32;
1-887;14.78;49.97;8.900;216.2;35.37;
1-888;14.80;49.97;9.000;216.2;35.41;
1-889;14.81;49.97;8.700;216.1;35.46;
1-890;14.83;49.97;8.500;216.0;35.51;
1-891;14.85;49.97;8.800;216.0;35.55;
1-892;14.86;49.97;8.500;215.9;35.60;
1-893;14.88;49.97;8.500;215.8;35.64;
1-894;14.90;49.97;8.800;215.8;35.69;
1-895;14.91;49.97;8.500;215.8;35.73;
1-896;14.93;49.97;8.800;215.7;35.78;
1-897;14.95;49.97;8.400;215.6;35.82;
1-898;14.96;49.97;8.400;215.6;35.87;
1-899;14.98;49.97;8.100;215.5;35.91;
1-900;15.00;49.97;7.800;215.5;35.95;
1-901;15.01;49.97;7.800;215.4;35.99;
1-902;15.03;49.97;7.900;215.4;36.03;
1-903;15.05;49.97;7.900;215.3;36.07;
1-904;15.06;49.97;7.600;215.2;36.11;
1-905;15.08;49.97;7.700;215.2;36.15;
1-906;15.10;49.97;7.800;215.1;36.19;
1-907;15.11;49.97;7.600;215.1;36.23;
1-908;15.13;49.97;7.700;215.0;36.27;
1-909;15.15;49.97;7.900;215.0;36.32;
1-910;15.16;49.97;8.100;214.9;36.36;
1-911;15.18;49.97;7.600;214.9;36.40;
1-912;15.20;49.97;7.800;214.8;36.44;
1-913;15.21;49.97;7.900;214.8;36.48;
1-914;15.23;49.97;7.900;214.8;36.52;
1-915;15.25;49.97;7.700;214.8;36.56;
1-916;15.26;49.97;8.000;214.7;36.60;
1-917;15.28;49.97;7.800;214.7;36.64;
1-918;15.30;49.97;7.100;214.6;36.68;
1-919;15.31;49.97;7.400;214.6;36.72;
1-920;15.33;49.97;7.400;214.6;36.76;
1-921;15.35;49.97;7.700;214.5;36.80;
1-922;15.36;49.97;7.300;214.5;36.84;
1-923;15.38;49.97;7.300;214.4;36.88;
1-924;15.40;49.97;7.800;214.4;36.92;
1-925;15.41;49.97;7.500;214.4;36.96;
1-926;15.43;49.97;8.000;214.3;37.00;
1-927;15.45;49.97;7.500;214.3;37.04;
1-928;15.46;49.97;7.800;214.2;37.08;
1-929;15.48;49.97;7.200;214.2;37.12;
1-930;15.50;49.97;7.400;214.1;37.16;
1-931;15.51;49.97;7.400;214.1;37.19;
1-932;15.53;49.97;7.700;214.1;37.23;
1-933;15.55;49.97;7.800;214.0;37.27;
1-934;15.56;49.97;7.100;214.0;37.31;
1-935;15.58;49.97;7.200;214.0;37.35;
1-936;15.60;49.97;7.200;214.0;37.39;
1-937;15.61;49.97;7.400;213.9;37.43;
1-938;15.63;49.97;7.300;213.9;37.47;
1-939;15.65;49.97;7.100;213.9;37.50;
1-940;15.66;49.97;7.400;213.8;37.54;
1-941;15.68;49.97;7.200;213.8;37.58;
1-942;15.70;49.97;7.100;213.8;37.62;
1-943;15.71;49.97;7.200;213.8;37.65;
1-944;15.73;49.97;7.700;213.7;37.69;
1-945;15.75;49.97;7.500;213.7;37.73;
1-946;15.76;49.97;7.000;213.7;37.77;
1-947;15.78;49.97;7.100;213.6;37.81;
1-948;15.80;49.97;7.000;213.6;37.84;
1-949;15.81;49.97;7.400;213.6;37.88;
1-950;15.83;49.97;7.000;213.6;37.92;
1-951;15.85;49.97;7.000;213.5;37.96;
1-952;15.86;49.97;7.300;213.5;37.99;
1-953;15.88;49.97;7.300;213.4;38.03;
1-954;15.90;49.97;7.400;213.4;38.07;
1-955;15.91;49.97;7.600;213.3;38.11;
1-956;15.93;49.97;7.500;213.3;38.15;
1-957;15.95;49.97;7.200;213.3;38.19;
1-958;15.96;49.97;7.400;213.3;38.23;
1-959;15.98;49.97;7.600;213.2;38.27;
1-960;16.00;49.97;7.700;213.2;38.31;
1-961;16.01;49.97;7.300;213.3;38.34;
1-962;16.03;49.97;8.000;213.2;38.38;
1-963;16.05;49.97;7.800;213.2;38.43;
1-964;16.06;49.97;7.500;213.2;38.47;
1-965;16.08;49.97;7.700;213.2;38.51;
1-966;16.10;49.97;7.400;213.2;38.55;
1-967;16.11;49.97;7.500;213.2;38.58;
1-968;16.13;49.97;7.400;213.1;38.62;
1-969;16.15;49.97;7.700;213.1;38.66;
1-970;16.16;49.97;7.700;213.1;38.70;
1-971;16.18;49.97;7.700;213.1;38.74;
1-972;16.20;49.97;7.500;213.1;38.78;
1-973;16.21;49.97;7.800;213.1;38.82;
1-974;16.23;49.97;8.000;213.0;38.86;
1-975;16.25;49.97;7.800;213.0;38.91;
1-976;16.26;49.97;8.000;213.1;38.95;
1-977;16.28;49.97;8.000;213.1;38.99;
1-978;16.30;49.97;7.900;213.1;39.03;
1-979;16.31;49.97;7.800;213.1;39.07;
1-980;16.33;49.97;8.500;213.1;39.11;
1-981;16.35;49.97;7.800;213.1;39.16;
1-982;16.36;49.97;8.000;213.1;39.20;
1-983;16.38;49.97;8.100;213.0;39.24;
1-984;16.40;49.97;8.400;213.0;39.28;
1-985;16.41;49.97;8.000;213.0;39.33;
1-986;16.43;49.97;8.000;213.0;39.37;
1-987;16.45;49.97;8.600;213.0;39.41;
1-988;16.46;49.97;7.800;213.0;39.46;
1-989;16.48;49.97;8.000;213.0;39.50;
1-990;16.50;49.97;8.400;213.0;39.54;
1-991;16.51;49.97;8.500;213.0;39.58;
1-992;16.53;49.97;7.200;213.1;39.62;
1-993;16.55;49.97;7.900;213.1;39.66;
1-994;16.56;49.97;8.500;213.0;39.71;
1-995;16.58;49.97;7.700;213.0;39.75;
1-996;16.60;49.97;7.800;213.0;39.79;
1-997;16.61;49.97;7.900;213.0;39.83;
1-998;16.63;49.97;8.400;213.0;39.87;
1-999;16.65;49.97;7.400;213.0;39.92;
1-1000;16.66;49.97;8.200;213.0;39.96;
1-1001;16.68;49.97;7.600;213.0;40.00;
1-1002;16.70;49.97;7.300;212.9;40.04;
1-1003;16.71;49.97;7.700;212.9;40.08;
1-1004;16.73;49.97;8.000;212.9;40.12;
1-1005;16.75;49.97;7.600;212.9;40.16;
1-1006;16.76;49.97;8.000;212.9;40.20;
1-1007;16.78;49.97;8.200;212.9;40.24;
1-1008;16.80;49.97;7.800;212.9;40.28;
1-1009;16.81;49.97;8.100;212.9;40.32;
1-1010;16.83;49.97;7.700;212.9;40.37;
1-1011;16.85;49.97;8.200;212.9;40.41;
1-1012;16.86;49.97;7.600;212.8;40.45;
1-1013;16.88;49.97;8.200;212.8;40.49;
1-1014;16.90;49.97;7.400;212.8;40.53;
1-1015;16.91;49.97;7.800;212.8;40.57;
1-1016;16.93;49.97;7.600;212.8;40.61;
1-1017;16.95;49.97;7.600;212.8;40.65;
1-1018;16.96;49.97;8.000;212.8;40.69;
1-1019;16.98;49.97;7.900;212.7;40.73;
1-1020;17.00;49.97;7.500;212.7;40.77;
1-1021;17.01;49.97;7.900;212.7;40.81;
1-1022;17.03;49.97;7.800;212.7;40.85;
1-1023;17.05;49.97;7.600;212.7;40.90;
1-1024;17.06;49.97;8.100;212.7;40.94;
1-1025;17.08;49.97;8.200;212.7;40.98;
1-1026;17.10;49.97;8.400;212.7;41.02;
1-1027;17.11;49.97;9.800;212.7;41.07;
1-1028;17.13;49.97;9.400;212.7;41.12;
1-1029;17.15;49.97;9.100;212.7;41.17;
1-1030;17.16;49.97;8.300;212.8;41.21;
1-1031;17.18;49.97;9.200;212.8;41.26;
1-1032;17.20;49.97;8.400;212.8;41.31;
1-1033;17.21;49.97;7.900;212.8;41.35;
1-1034;17.23;49.97;7.700;212.8;41.39;
1-1035;17.25;49.97;8.100;212.8;41.43;
1-1036;17.26;49.97;8.300;212.8;41.47;
1-1037;17.28;49.97;8.300;212.7;41.52;
1-1038;17.30;49.97;8.100;212.7;41.56;
1-1039;17.31;49.97;8.500;212.7;41.60;
1-1040;17.33;49.97;8.500;212.7;41.65;
1-1041;17.35;49.97;8.000;212.7;41.69;
1-1042;17.36;49.97;8.700;212.7;41.74;
1-1043;17.38;49.97;8.800;212.7;41.78;
1-1044;17.40;49.97;8.600;212.7;41.83;
1-1045;17.41;49.97;8.600;212.7;41.87;
1-1046;17.43;49.97;8.400;212.7;41.92;
1-1047;17.45;49.97;8.500;212.7;41.96;
1-1048;17.46;49.97;8.000;212.7;42.00;
1-1049;17.48;49.97;8.500;212.7;42.05;
1-1050;17.50;49.97;8.300;212.7;42.09;
1-1051;17.51;49.97;8.800;212.7;42.14;
1-1052;17.53;49.97;8.800;212.7;42.18;
1-1053;17.55;49.97;9.600;212.7;42.23;
1-1054;17.56;49.97;8.700;212.8;42.28;
1-1055;17.58;49.97;9.000;212.8;42.32;
1-1056;17.60;49.97;10.10;212.8;42.37;
1-1057;17.61;49.97;8.800;212.8;42.42;
1-1058;17.63;49.97;9.300;212.8;42.47;
1-1059;17.65;49.97;9.600;212.8;42.52;
1-1060;17.66;49.97;10.80;212.8;42.57;
1-1061;17.68;49.97;8.600;212.9;42.62;
1-1062;17.70;49.97;9.100;212.9;42.67;
1-1063;17.71;49.97;11.40;212.9;42.72;
1-1064;17.73;49.97;8.200;213.0;42.78;
1-1065;17.75;49.97;8.100;213.0;42.82;
1-1066;17.76;49.97;8.800;213.0;42.86;
1-1067;17.78;49.97;9.800;213.0;42.91;
1-1068;17.80;49.97;8.600;213.0;42.96;
1-1069;17.81;49.97;9.700;213.0;43.01;
1-1070;17.83;49.97;9.400;213.0;43.06;
1-1071;17.85;49.97;8.500;213.0;43.10;
1-1072;17.86;49.97;8.400;213.0;43.15;
1-1073;17.88;49.97;8.500;213.0;43.19;
1-1074;17.90;49.97;9.700;213.0;43.24;
1-1075;17.91;49.97;8.700;213.0;43.29;
1-1076;17.93;49.97;9.500;213.0;43.34;
1-1077;17.95;49.97;8.500;213.0;43.38;
1-1078;17.96;49.97;8.900;213.0;43.43;
1-1079;17.98;49.97;8.900;213.0;43.48;
1-1080;18.00;49.97;9.400;213.0;43.52;
1-1081;18.01;49.97;9.300;213.0;43.57;
1-1082;18.03;49.97;9.500;213.0;43.62;
1-1083;18.05;49.97;9.800;213.1;43.67;
1-1084;18.06;49.97;8.800;213.1;43.72;
1-1085;18.08;49.97;9.700;213.2;43.77;
1-1086;18.10;49.97;8.700;213.2;43.82;
1-1087;18.11;49.97;8.300;213.2;43.86;
1-1088;18.13;49.97;8.100;213.1;43.90;
1-1089;18.15;49.97;7.900;213.1;43.95;
1-1090;18.16;49.97;7.900;213.0;43.99;
1-1091;18.18;49.97;7.800;213.0;44.03;
1-1092;18.20;49.97;7.900;213.0;44.07;
1-1093;18.21;49.97;7.800;213.0;44.11;
1-1094;18.23;49.97;7.700;212.9;44.15;
1-1095;18.25;49.97;7.900;212.9;44.19;
1-1096;18.26;49.97;7.900;212.9;44.23;
1-1097;18.28;49.97;7.900;212.9;44.28;
1-1098;18.30;49.97;7.600;212.8;44.32;
1-1099;18.31;49.97;7.700;212.8;44.36;
1-1100;18.33;49.97;7.600;212.8;44.40;
1-1101;18.35;49.97;7.700;212.7;44.44;
1-1102;18.36;49.97;7.800;212.7;44.48;
1-1103;18.38;49.97;7.700;212.7;44.52;
1-1104;18.40;49.97;7.800;212.6;44.56;
1-1105;18.41;49.97;7.600;212.6;44.60;
1-1106;18.43;49.97;7.800;212.6;44.64;
1-1107;18.45;49.97;7.600;212.6;44.68;
1-1108;18.46;49.97;7.900;212.6;44.72;
1-1109;18.48;49.97;7.700;212.6;44.76;
1-1110;18.50;49.97;7.800;212.5;44.80;
1-1111;18.51;49.97;7.600;212.5;44.84;
1-1112;18.53;49.97;7.700;212.5;44.88;
1-1113;18.55;49.97;7.800;212.5;44.92;
1-1114;18.56;49.97;7.700;212.6;44.96;
1-1115;18.58;49.97;7.900;212.6;45.00;
1-1116;18.60;49.97;7.800;212.6;45.04;
1-1117;18.61;49.97;7.900;212.6;45.08;
1-1118;18.63;49.97;7.900;212.6;45.13;
1-1119;18.65;49.97;7.900;212.6;45.17;
1-1120;18.66;49.97;8.000;212.6;45.21;
1-1121;18.68;49.97;7.900;212.6;45.25;
1-1122;18.70;49.97;8.000;212.6;45.29;
1-1123;18.71;49.97;8.000;212.6;45.33;
1-1124;18.73;49.97;8.300;212.6;45.38;
1-1125;18.75;49.97;7.600;212.6;45.42;
1-1126;18.76;49.97;8.000;212.6;45.46;
1-1127;18.78;49.97;7.900;212.6;45.50;
1-1128;18.80;49.97;8.100;212.6;45.54;
1-1129;18.81;49.97;8.000;212.6;45.58;
1-1130;18.83;49.97;8.100;212.7;45.63;
1-1131;18.85;49.97;8.100;212.7;45.67;
1-1132;18.86;49.97;8.000;212.7;45.71;
1-1133;18.88;49.97;8.100;212.7;45.75;
1-1134;18.90;49.97;7.900;212.7;45.80;
1-1135;18.91;49.97;7.900;212.7;45.84;
1-1136;18.93;49.97;7.900;212.7;45.88;
1-1137;18.95;49.97;7.900;212.7;45.92;
1-1138;18.96;49.97;8.000;212.8;45.96;
1-1139;18.98;49.97;7.900;212.8;46.00;
1-1140;19.00;49.97;8.100;212.8;46.04;
1-1141;19.01;49.97;7.800;212.8;46.09;
1-1142;19.03;49.97;8.100;212.8;46.13;
1-1143;19.05;49.97;7.900;212.8;46.17;
1-1144;19.06;49.97;8.100;212.8;46.21;
1-1145;19.08;49.97;8.000;212.8;46.25;
1-1146;19.10;49.97;8.000;212.8;46.30;
1-1147;19.11;49.97;8.400;212.9;46.34;
1-1148;19.13;49.97;8.200;212.9;46.38;
1-1149;19.15;49.97;8.200;212.9;46.42;
1-1150;19.16;49.97;8.200;212.9;46.47;
1-1151;19.18;49.97;8.400;212.9;46.51;

