D:\Documents and Settings\All Users\Documents\Thermo\PolySoft\Projects\JanLDHTEST Dec2015.pmp\JanDec_0019.pld


 ;t [min];Revolution Speed [1/min];Torque [Nm];TM [°C];E [kJ];
1-1;0.01302;49.97;37.70;169.1;0.03852;
1-2;0.02968;49.97;38.30;164.1;0.237;
1-3;0.04635;49.97;33.20;161.2;0.424;
1-4;0.06302;49.97;30.60;157.1;0.591;
1-5;0.07968;49.97;27.50;154.7;0.743;
1-6;0.09635;49.97;28.10;154.3;0.889;
1-7;0.113;49.97;26.00;153.9;1.030;
1-8;0.130;49.97;26.70;153.8;1.168;
1-9;0.146;49.97;23.30;153.8;1.299;
1-10;0.163;49.97;23.60;154.4;1.422;
1-11;0.180;49.97;22.60;155.0;1.543;
1-12;0.196;49.97;21.90;155.4;1.659;
1-13;0.213;49.97;20.70;156.1;1.771;
1-14;0.230;49.97;20.40;157.0;1.878;
1-15;0.246;49.97;19.50;157.5;1.983;
1-16;0.263;49.97;18.80;158.6;2.083;
1-17;0.280;49.97;18.30;159.7;2.180;
1-18;0.296;49.97;17.70;160.2;2.274;
1-19;0.313;49.97;17.20;161.2;2.366;
1-20;0.330;49.97;16.80;162.2;2.454;
1-21;0.346;49.97;16.50;162.7;2.542;
1-22;0.363;49.97;15.60;163.7;2.626;
1-23;0.380;49.97;15.10;164.8;2.706;
1-24;0.396;49.97;14.50;165.3;2.783;
1-25;0.413;49.97;14.20;166.4;2.858;
1-26;0.430;49.97;13.50;167.4;2.931;
1-27;0.446;49.97;13.10;167.9;3.001;
1-28;0.463;49.97;12.70;168.9;3.068;
1-29;0.480;49.97;12.10;169.8;3.133;
1-30;0.496;49.97;11.80;170.2;3.196;
1-31;0.513;49.97;11.40;171.1;3.256;
1-32;0.530;49.97;11.10;171.9;3.315;
1-33;0.546;49.97;10.80;172.4;3.372;
1-34;0.563;49.97;10.50;173.2;3.428;
1-35;0.580;49.97;10.00;174.0;3.482;
1-36;0.596;49.97;10.00;174.4;3.534;
1-37;0.613;49.97;9.700;175.1;3.586;
1-38;0.630;49.97;9.500;175.8;3.636;
1-39;0.646;49.97;9.400;176.1;3.685;
1-40;0.663;49.97;9.200;176.7;3.734;
1-41;0.680;49.97;9.000;177.3;3.782;
1-42;0.696;49.97;8.900;177.6;3.828;
1-43;0.713;49.97;8.700;178.2;3.875;
1-44;0.730;49.97;8.600;178.8;3.920;
1-45;0.746;49.97;8.600;179.0;3.965;
1-46;0.763;49.97;8.400;179.5;4.009;
1-47;0.780;49.97;8.200;180.0;4.053;
1-48;0.796;49.97;8.300;180.2;4.096;
1-49;0.813;49.97;8.000;180.7;4.139;
1-50;0.830;49.97;8.000;181.1;4.180;
1-51;0.846;49.97;7.900;181.2;4.222;
1-52;0.863;49.97;7.900;181.7;4.263;
1-53;0.880;49.97;7.700;182.1;4.304;
1-54;0.896;49.97;7.700;182.3;4.344;
1-55;0.913;49.97;7.600;182.6;4.385;
1-56;0.930;49.97;7.500;182.9;4.424;
1-57;0.946;49.97;7.600;183.1;4.464;
1-58;0.963;49.97;7.400;183.5;4.503;
1-59;0.980;49.97;7.400;183.8;4.542;
1-60;0.996;49.97;7.300;183.9;4.580;
1-61;1.013;49.97;7.200;184.3;4.618;
1-62;1.030;49.97;7.200;184.6;4.656;
1-63;1.046;49.97;7.200;184.7;4.693;
1-64;1.063;49.97;7.200;185.0;4.731;
1-65;1.080;49.97;7.000;185.3;4.768;
1-66;1.096;49.97;7.100;185.4;4.805;
1-67;1.113;49.97;6.900;185.7;4.842;
1-68;1.130;49.97;7.000;185.9;4.878;
1-69;1.146;49.97;6.900;186.0;4.914;
1-70;1.163;49.97;7.000;186.3;4.951;
1-71;1.180;49.97;6.900;186.4;4.987;
1-72;1.196;49.97;6.900;186.5;5.023;
1-73;1.213;49.97;6.800;186.8;5.059;
1-74;1.230;49.97;6.700;187.0;5.094;
1-75;1.246;49.97;6.800;187.1;5.130;
1-76;1.263;49.97;6.700;187.4;5.165;
1-77;1.280;49.97;6.700;187.5;5.200;
1-78;1.296;49.97;6.700;187.7;5.235;
1-79;1.313;49.97;6.600;187.9;5.270;
1-80;1.330;49.97;6.500;188.1;5.304;
1-81;1.346;49.97;6.600;188.1;5.339;
1-82;1.363;49.97;6.600;188.3;5.373;
1-83;1.380;49.97;6.500;188.5;5.407;
1-84;1.396;49.97;6.600;188.6;5.442;
1-85;1.413;49.97;6.400;188.7;5.476;
1-86;1.430;49.97;6.400;188.9;5.509;
1-87;1.446;49.97;6.400;189.0;5.543;
1-88;1.463;49.97;6.500;189.2;5.576;
1-89;1.480;49.97;6.400;189.3;5.610;
1-90;1.496;49.97;6.300;189.3;5.643;
1-91;1.513;49.97;6.300;189.5;5.676;
1-92;1.530;49.97;6.200;189.6;5.709;
1-93;1.546;49.97;6.300;189.7;5.742;
1-94;1.563;49.97;6.200;189.9;5.774;
1-95;1.580;49.97;6.300;190.0;5.807;
1-96;1.596;49.97;6.200;190.2;5.840;
1-97;1.613;49.97;6.200;190.2;5.872;
1-98;1.630;49.97;6.100;190.4;5.905;
1-99;1.646;49.97;6.200;190.6;5.937;
1-100;1.663;49.97;6.200;190.6;5.969;
1-101;1.680;49.97;6.100;190.7;6.001;
1-102;1.696;49.97;6.200;190.9;6.034;
1-103;1.713;49.97;6.100;190.9;6.066;
1-104;1.730;49.97;6.000;191.0;6.097;
1-105;1.746;49.97;6.100;191.2;6.129;
1-106;1.763;49.97;6.100;191.3;6.161;
1-107;1.780;49.97;6.000;191.4;6.193;
1-108;1.796;49.97;6.000;191.5;6.224;
1-109;1.813;49.97;6.000;191.5;6.255;
1-110;1.830;49.97;5.900;191.7;6.287;
1-111;1.846;49.97;6.000;191.8;6.318;
1-112;1.863;49.97;5.900;191.8;6.349;
1-113;1.880;49.97;6.000;191.9;6.380;
1-114;1.896;49.97;5.900;192.1;6.411;
1-115;1.913;49.97;5.800;192.1;6.442;
1-116;1.930;49.97;5.800;192.2;6.472;
1-117;1.946;49.97;5.900;192.3;6.503;
1-118;1.963;49.97;5.900;192.4;6.534;
1-119;1.980;49.97;5.800;192.5;6.564;
1-120;1.996;49.97;5.900;192.6;6.595;
1-121;2.013;49.97;5.800;192.7;6.625;
1-122;2.030;49.97;5.700;192.8;6.655;
1-123;2.046;49.97;5.800;192.8;6.686;
1-124;2.063;49.97;5.900;192.9;6.716;
1-125;2.080;49.97;5.800;193.0;6.747;
1-126;2.096;49.97;5.800;193.1;6.777;
1-127;2.113;49.97;5.800;193.2;6.808;
1-128;2.130;49.97;5.600;193.2;6.837;
1-129;2.146;49.97;5.700;193.4;6.867;
1-130;2.163;49.97;5.700;193.4;6.897;
1-131;2.180;49.97;5.800;193.5;6.927;
1-132;2.196;49.97;5.600;193.5;6.957;
1-133;2.213;49.97;5.700;193.6;6.986;
1-134;2.230;49.97;5.500;193.6;7.016;
1-135;2.246;49.97;5.700;193.9;7.045;
1-136;2.263;49.97;5.600;193.9;7.074;
1-137;2.280;49.97;5.600;193.9;7.104;
1-138;2.296;49.97;5.700;194.0;7.133;
1-139;2.313;49.97;5.600;194.1;7.163;
1-140;2.330;49.97;5.500;194.2;7.192;
1-141;2.346;49.97;5.500;194.2;7.221;
1-142;2.363;49.97;5.600;194.4;7.250;
1-143;2.380;49.97;5.600;194.4;7.279;
1-144;2.396;49.97;5.500;194.5;7.308;
1-145;2.413;49.97;5.600;194.6;7.337;
1-146;2.430;49.97;5.400;194.6;7.366;
1-147;2.446;49.97;5.500;194.7;7.394;
1-148;2.463;49.97;5.500;194.8;7.423;
1-149;2.480;49.97;5.600;194.8;7.452;
1-150;2.496;49.97;5.500;194.9;7.481;
1-151;2.513;49.97;5.500;195.0;7.510;
1-152;2.530;49.97;5.400;195.0;7.539;
1-153;2.546;49.97;5.400;195.2;7.567;
1-154;2.563;49.97;5.500;195.2;7.595;
1-155;2.580;49.97;5.400;195.3;7.624;
1-156;2.596;49.97;5.400;195.4;7.652;
1-157;2.613;49.97;5.400;195.5;7.680;
1-158;2.630;49.97;5.300;195.5;7.708;
1-159;2.646;49.97;5.300;195.6;7.736;
1-160;2.663;49.97;5.400;195.6;7.764;
1-161;2.680;49.97;5.400;195.7;7.792;
1-162;2.696;49.97;5.300;195.8;7.820;
1-163;2.713;49.97;5.400;195.9;7.848;
1-164;2.730;49.97;5.200;195.9;7.876;
1-165;2.746;49.97;5.300;196.0;7.904;
1-166;2.763;49.97;5.300;196.0;7.931;
1-167;2.780;49.97;5.300;196.1;7.959;
1-168;2.796;49.97;5.300;196.2;7.987;
1-169;2.813;49.97;5.300;196.2;8.015;
1-170;2.830;49.97;5.200;196.3;8.042;
1-171;2.846;49.97;5.200;196.4;8.069;
1-172;2.863;49.97;5.200;196.4;8.096;
1-173;2.880;49.97;5.200;196.5;8.124;
1-174;2.896;49.97;5.200;196.6;8.151;
1-175;2.913;49.97;5.200;196.6;8.178;
1-176;2.930;49.97;5.100;196.7;8.205;
1-177;2.946;49.97;5.100;196.7;8.232;
1-178;2.963;49.97;5.200;196.8;8.259;
1-179;2.980;49.97;5.200;196.9;8.286;
1-180;2.996;49.97;5.100;197.0;8.313;
1-181;3.013;49.97;5.200;197.0;8.340;
1-182;3.030;49.97;5.000;197.1;8.367;
1-183;3.046;49.97;5.000;197.1;8.393;
1-184;3.063;49.97;5.100;197.2;8.419;
1-185;3.080;49.97;5.200;197.3;8.446;
1-186;3.096;49.97;5.100;197.3;8.473;
1-187;3.113;49.97;5.100;197.4;8.500;
1-188;3.130;49.97;5.000;197.4;8.526;
1-189;3.146;49.97;5.000;197.5;8.552;
1-190;3.163;49.97;5.100;197.5;8.579;
1-191;3.180;49.97;5.000;197.6;8.605;
1-192;3.196;49.97;5.100;197.7;8.632;
1-193;3.213;49.97;5.100;197.8;8.658;
1-194;3.230;49.97;5.000;197.8;8.685;
1-195;3.246;49.97;5.000;197.8;8.711;
1-196;3.263;49.97;5.100;197.9;8.737;
1-197;3.280;49.97;5.100;198.0;8.764;
1-198;3.296;49.97;5.000;198.0;8.790;
1-199;3.313;49.97;5.100;198.1;8.817;
1-200;3.330;49.97;5.000;198.1;8.843;
1-201;3.346;49.97;5.000;198.2;8.869;
1-202;3.363;49.97;5.000;198.2;8.896;
1-203;3.380;49.97;5.100;198.3;8.922;
1-204;3.396;49.97;5.000;198.3;8.948;
1-205;3.413;49.97;5.000;198.4;8.975;
1-206;3.430;49.97;5.000;198.4;9.001;
1-207;3.446;49.97;5.000;198.5;9.027;
1-208;3.463;49.97;5.000;198.6;9.053;
1-209;3.480;49.97;5.000;198.6;9.079;
1-210;3.496;49.97;5.000;198.6;9.105;
1-211;3.513;49.97;5.000;198.7;9.132;
1-212;3.530;49.97;4.900;198.8;9.158;
1-213;3.546;49.97;4.900;198.8;9.183;
1-214;3.563;49.97;5.000;198.9;9.209;
1-215;3.580;49.97;5.000;198.9;9.235;
1-216;3.596;49.97;4.900;199.0;9.261;
1-217;3.613;49.97;4.900;199.0;9.287;
1-218;3.630;49.97;4.900;199.1;9.312;
1-219;3.646;49.97;4.800;199.1;9.338;
1-220;3.663;49.97;4.800;199.2;9.363;
1-221;3.680;49.97;4.900;199.2;9.388;
1-222;3.696;49.97;4.900;199.3;9.414;
1-223;3.713;49.97;4.900;199.3;9.440;
1-224;3.730;49.97;4.800;199.3;9.465;
1-225;3.746;49.97;4.800;199.4;9.490;
1-226;3.763;49.97;4.800;199.5;9.515;
1-227;3.780;49.97;4.800;199.5;9.540;
1-228;3.796;49.97;4.900;199.5;9.566;
1-229;3.813;49.97;4.900;199.6;9.591;
1-230;3.830;49.97;4.800;199.6;9.617;
1-231;3.846;49.97;4.800;199.7;9.642;
1-232;3.863;49.97;4.900;199.7;9.667;
1-233;3.880;49.97;4.800;199.8;9.693;
1-234;3.896;49.97;4.800;199.8;9.718;
1-235;3.913;49.97;4.800;199.9;9.743;
1-236;3.930;49.97;4.800;199.9;9.768;
1-237;3.946;49.97;4.700;200.0;9.793;
1-238;3.963;49.97;4.800;200.0;9.818;
1-239;3.980;49.97;4.800;200.0;9.843;
1-240;3.996;49.97;4.800;200.1;9.868;
1-241;4.013;49.97;4.700;200.2;9.893;
1-242;4.030;49.97;4.800;200.2;9.918;
1-243;4.046;49.97;4.700;200.2;9.943;
1-244;4.063;49.97;4.700;200.3;9.967;
1-245;4.080;49.97;4.700;200.3;9.992;
1-246;4.096;49.97;4.800;200.4;10.02;
1-247;4.113;49.97;4.700;200.4;10.04;
1-248;4.130;49.97;4.700;200.4;10.07;
1-249;4.146;49.97;4.600;200.5;10.09;
1-250;4.163;49.97;4.700;200.5;10.11;
1-251;4.180;49.97;4.700;200.5;10.14;
1-252;4.196;49.97;4.700;200.6;10.16;
1-253;4.213;49.97;4.700;200.7;10.19;
1-254;4.230;49.97;4.700;200.6;10.21;
1-255;4.246;49.97;4.600;200.7;10.24;
1-256;4.263;49.97;4.600;200.8;10.26;
1-257;4.280;49.97;4.700;200.8;10.29;
1-258;4.296;49.97;4.700;200.8;10.31;
1-259;4.313;49.97;4.600;200.9;10.33;
1-260;4.330;49.97;4.700;200.9;10.36;
1-261;4.346;49.97;4.600;200.9;10.38;
1-262;4.363;49.97;4.600;201.0;10.41;
1-263;4.380;49.97;4.600;201.0;10.43;
1-264;4.396;49.97;4.700;201.0;10.46;
1-265;4.413;49.97;4.600;201.1;10.48;
1-266;4.430;49.97;4.700;201.1;10.50;
1-267;4.446;49.97;4.600;201.2;10.53;
1-268;4.463;49.97;4.600;201.2;10.55;
1-269;4.480;49.97;4.600;201.2;10.58;
1-270;4.496;49.97;4.600;201.3;10.60;
1-271;4.513;49.97;4.600;201.3;10.63;
1-272;4.530;49.97;4.700;201.4;10.65;
1-273;4.546;49.97;4.600;201.4;10.67;
1-274;4.563;49.97;4.600;201.4;10.70;
1-275;4.580;49.97;4.700;201.4;10.72;
1-276;4.596;49.97;4.700;201.5;10.75;
1-277;4.613;49.97;4.600;201.5;10.77;
1-278;4.630;49.97;4.700;201.6;10.80;
1-279;4.646;49.97;4.600;201.6;10.82;
1-280;4.663;49.97;4.600;201.6;10.84;
1-281;4.680;49.97;4.600;201.7;10.87;
1-282;4.696;49.97;4.600;201.7;10.89;
1-283;4.713;49.97;4.600;201.7;10.92;
1-284;4.730;49.97;4.600;201.8;10.94;
1-285;4.746;49.97;4.500;201.8;10.96;
1-286;4.763;49.97;4.600;201.8;10.99;
1-287;4.780;49.97;4.600;201.9;11.01;
1-288;4.796;49.97;4.600;201.9;11.04;
1-289;4.813;49.97;4.600;201.9;11.06;
1-290;4.830;49.97;4.600;202.0;11.08;
1-291;4.846;49.97;4.500;202.0;11.11;
1-292;4.863;49.97;4.500;202.0;11.13;
1-293;4.880;49.97;4.600;202.0;11.16;
1-294;4.896;49.97;4.600;202.1;11.18;
1-295;4.913;49.97;4.600;202.1;11.20;
1-296;4.930;49.97;4.600;202.2;11.23;
1-297;4.946;49.97;4.500;202.2;11.25;
1-298;4.963;49.97;4.600;202.2;11.28;
1-299;4.980;49.97;4.600;202.2;11.30;
1-300;4.996;49.97;4.600;202.2;11.32;
1-301;5.013;49.97;4.500;202.3;11.35;
1-302;5.030;49.97;4.600;202.3;11.37;
1-303;5.046;49.97;4.500;202.4;11.39;
1-304;5.063;49.97;4.500;202.4;11.42;
1-305;5.080;49.97;4.600;202.4;11.44;
1-306;5.096;49.97;4.500;202.4;11.47;
1-307;5.113;49.97;4.600;202.5;11.49;
1-308;5.130;49.97;4.600;202.5;11.51;
1-309;5.146;49.97;4.500;202.5;11.54;
1-310;5.163;49.97;4.500;202.6;11.56;
1-311;5.180;49.97;4.600;202.6;11.58;
1-312;5.196;49.97;4.600;202.6;11.61;
1-313;5.213;49.97;4.500;202.6;11.63;
1-314;5.230;49.97;4.600;202.7;11.66;
1-315;5.246;49.97;4.500;202.7;11.68;
1-316;5.263;49.97;4.500;202.7;11.70;
1-317;5.280;49.97;4.500;202.8;11.73;
1-318;5.296;49.97;4.500;202.8;11.75;
1-319;5.313;49.97;4.500;202.8;11.77;
1-320;5.330;49.97;4.500;202.8;11.80;
1-321;5.346;49.97;4.500;202.8;11.82;
1-322;5.363;49.97;4.500;202.9;11.85;
1-323;5.380;49.97;4.500;202.9;11.87;
1-324;5.396;49.97;4.500;202.9;11.89;
1-325;5.413;49.97;4.500;203.0;11.92;
1-326;5.430;49.97;4.500;203.0;11.94;
1-327;5.446;49.97;4.500;203.0;11.96;
1-328;5.463;49.97;4.400;203.0;11.99;
1-329;5.480;49.97;4.500;203.1;12.01;
1-330;5.496;49.97;4.500;203.1;12.03;
1-331;5.513;49.97;4.500;203.1;12.06;
1-332;5.530;49.97;4.500;203.2;12.08;
1-333;5.546;49.97;4.400;203.2;12.10;
1-334;5.563;49.97;4.400;203.2;12.13;
1-335;5.580;49.97;4.400;203.2;12.15;
1-336;5.596;49.97;4.500;203.3;12.17;
1-337;5.613;49.97;4.500;203.3;12.20;
1-338;5.630;49.97;4.500;203.3;12.22;
1-339;5.646;49.97;4.400;203.3;12.24;
1-340;5.663;49.97;4.400;203.4;12.27;
1-341;5.680;49.97;4.400;203.4;12.29;
1-342;5.696;49.97;4.400;203.4;12.31;
1-343;5.713;49.97;4.400;203.4;12.34;
1-344;5.730;49.97;4.500;203.4;12.36;
1-345;5.746;49.97;4.500;203.5;12.38;
1-346;5.763;49.97;4.400;203.5;12.41;
1-347;5.780;49.97;4.400;203.5;12.43;
1-348;5.796;49.97;4.500;203.6;12.45;
1-349;5.813;49.97;4.500;203.6;12.48;
1-350;5.830;49.97;4.500;203.6;12.50;
1-351;5.846;49.97;4.500;203.6;12.52;
1-352;5.863;49.97;4.400;203.6;12.55;
1-353;5.880;49.97;4.400;203.7;12.57;
1-354;5.896;49.97;4.500;203.7;12.59;
1-355;5.913;49.97;4.500;203.7;12.62;
1-356;5.930;49.97;4.500;203.7;12.64;
1-357;5.946;49.97;4.400;203.8;12.66;
1-358;5.963;49.97;4.400;203.8;12.69;
1-359;5.980;49.97;4.500;203.8;12.71;
1-360;5.996;49.97;4.500;203.8;12.73;
1-361;6.013;49.97;4.500;203.8;12.76;
1-362;6.030;49.97;4.500;203.9;12.78;
1-363;6.046;49.97;4.500;203.9;12.80;
1-364;6.063;49.97;4.300;203.9;12.83;
1-365;6.080;49.97;4.500;204.0;12.85;
1-366;6.096;49.97;4.500;204.0;12.87;
1-367;6.113;49.97;4.500;204.0;12.90;
1-368;6.130;49.97;4.400;204.0;12.92;
1-369;6.146;49.97;4.500;204.0;12.94;
1-370;6.163;49.97;4.400;204.0;12.97;
1-371;6.180;49.97;4.400;204.1;12.99;
1-372;6.196;49.97;4.500;204.1;13.01;
1-373;6.213;49.97;4.500;204.1;13.04;
1-374;6.230;49.97;4.400;204.2;13.06;
1-375;6.246;49.97;4.400;204.2;13.08;
1-376;6.263;49.97;4.400;204.2;13.11;
1-377;6.280;49.97;4.500;204.2;13.13;
1-378;6.296;49.97;4.400;204.2;13.15;
1-379;6.313;49.97;4.400;204.3;13.17;
1-380;6.330;49.97;4.400;204.3;13.20;
1-381;6.346;49.97;4.500;204.3;13.22;
1-382;6.363;49.97;4.400;204.3;13.24;
1-383;6.380;49.97;4.400;204.3;13.27;
1-384;6.396;49.97;4.500;204.3;13.29;
1-385;6.413;49.97;4.500;204.4;13.31;
1-386;6.430;49.97;4.400;204.4;13.34;
1-387;6.446;49.97;4.500;204.4;13.36;
1-388;6.463;49.97;4.400;204.5;13.38;
1-389;6.480;49.97;4.400;204.5;13.41;
1-390;6.496;49.97;4.500;204.5;13.43;
1-391;6.513;49.97;4.500;204.5;13.45;
1-392;6.530;49.97;4.500;204.5;13.48;
1-393;6.546;49.97;4.500;204.6;13.50;
1-394;6.563;49.97;4.500;204.6;13.52;
1-395;6.580;49.97;4.500;204.6;13.55;
1-396;6.596;49.97;4.400;204.6;13.57;
1-397;6.613;49.97;4.500;204.6;13.59;
1-398;6.630;49.97;4.500;204.7;13.62;
1-399;6.646;49.97;4.500;204.7;13.64;
1-400;6.663;49.97;4.400;204.7;13.67;
1-401;6.680;49.97;4.500;204.7;13.69;
1-402;6.696;49.97;4.500;204.7;13.71;
1-403;6.713;49.97;4.500;204.8;13.74;
1-404;6.730;49.97;4.500;204.8;13.76;
1-405;6.746;49.97;4.500;204.8;13.78;
1-406;6.763;49.97;4.500;204.8;13.81;
1-407;6.780;49.97;4.500;204.8;13.83;
1-408;6.796;49.97;4.500;204.9;13.85;
1-409;6.813;49.97;4.500;204.9;13.88;
1-410;6.830;49.97;4.500;204.9;13.90;
1-411;6.846;49.97;4.500;204.9;13.92;
1-412;6.863;49.97;4.400;204.9;13.95;
1-413;6.880;49.97;4.400;205.0;13.97;
1-414;6.896;49.97;4.400;205.0;13.99;
1-415;6.913;49.97;4.500;205.0;14.02;
1-416;6.930;49.97;4.500;205.0;14.04;
1-417;6.946;49.97;4.500;205.0;14.06;
1-418;6.963;49.97;4.400;205.0;14.09;
1-419;6.980;49.97;4.500;205.1;14.11;
1-420;6.996;49.97;4.500;205.1;14.13;
1-421;7.013;49.97;4.400;205.1;14.16;
1-422;7.030;49.97;4.500;205.1;14.18;
1-423;7.046;49.97;4.400;205.1;14.20;
1-424;7.063;49.97;4.400;205.2;14.23;
1-425;7.080;49.97;4.400;205.2;14.25;
1-426;7.096;49.97;4.600;205.2;14.27;
1-427;7.113;49.97;4.600;205.2;14.30;
1-428;7.130;49.97;4.600;205.2;14.32;
1-429;7.146;49.97;4.500;205.2;14.35;
1-430;7.163;49.97;4.500;205.3;14.37;
1-431;7.180;49.97;4.600;205.3;14.39;
1-432;7.196;49.97;4.500;205.3;14.42;
1-433;7.213;49.97;4.600;205.3;14.44;
1-434;7.230;49.97;4.500;205.4;14.46;
1-435;7.246;49.97;4.500;205.4;14.49;
1-436;7.263;49.97;4.400;205.4;14.51;
1-437;7.280;49.97;4.400;205.4;14.53;
1-438;7.296;49.97;4.500;205.4;14.56;
1-439;7.313;49.97;4.400;205.4;14.58;
1-440;7.330;49.97;4.400;205.5;14.60;
1-441;7.346;49.97;4.400;205.5;14.63;
1-442;7.363;49.97;4.400;205.5;14.65;
1-443;7.380;49.97;4.300;205.6;14.67;
1-444;7.396;49.97;4.400;205.6;14.70;
1-445;7.413;49.97;4.400;205.6;14.72;
1-446;7.430;49.97;4.400;205.6;14.74;
1-447;7.446;49.97;4.400;205.6;14.76;
1-448;7.463;49.97;4.300;205.7;14.79;
1-449;7.480;49.97;4.300;205.7;14.81;
1-450;7.496;49.97;4.300;205.7;14.83;
1-451;7.513;49.97;4.400;205.7;14.85;
1-452;7.530;49.97;4.400;205.8;14.88;
1-453;7.546;49.97;4.400;205.8;14.90;
1-454;7.563;49.97;4.400;205.8;14.92;
1-455;7.580;49.97;4.300;205.8;14.95;
1-456;7.596;49.97;4.400;205.8;14.97;
1-457;7.613;49.97;4.300;205.8;14.99;
1-458;7.630;49.97;4.400;205.9;15.01;
1-459;7.646;49.97;4.400;205.9;15.04;
1-460;7.663;49.97;4.400;205.9;15.06;
1-461;7.680;49.97;4.400;206.0;15.08;
1-462;7.696;49.97;4.400;206.0;15.11;
1-463;7.713;49.97;4.400;206.0;15.13;
1-464;7.730;49.97;4.400;206.0;15.15;
1-465;7.746;49.97;4.400;206.0;15.18;
1-466;7.763;49.97;4.400;206.0;15.20;
1-467;7.780;49.97;4.400;206.0;15.22;
1-468;7.796;49.97;4.400;206.0;15.25;
1-469;7.813;49.97;4.400;206.1;15.27;
1-470;7.830;49.97;4.400;206.1;15.29;
1-471;7.846;49.97;4.400;206.1;15.31;
1-472;7.863;49.97;4.400;206.1;15.34;
1-473;7.880;49.97;4.400;206.1;15.36;
1-474;7.896;49.97;4.400;206.2;15.38;
1-475;7.913;49.97;4.400;206.2;15.41;
1-476;7.930;49.97;4.400;206.2;15.43;
1-477;7.946;49.97;4.400;206.2;15.45;
1-478;7.963;49.97;4.400;206.2;15.48;
1-479;7.980;49.97;4.300;206.2;15.50;
1-480;7.996;49.97;4.400;206.3;15.52;
1-481;8.013;49.97;4.300;206.3;15.54;
1-482;8.030;49.97;4.400;206.3;15.57;
1-483;8.046;49.97;4.400;206.3;15.59;
1-484;8.063;49.97;4.300;206.3;15.61;
1-485;8.080;49.97;4.300;206.3;15.63;
1-486;8.096;49.97;4.300;206.4;15.66;
1-487;8.113;49.97;4.400;206.4;15.68;
1-488;8.130;49.97;4.400;206.4;15.70;
1-489;8.146;49.97;4.300;206.4;15.73;
1-490;8.163;49.97;4.300;206.4;15.75;
1-491;8.180;49.97;4.300;206.4;15.77;
1-492;8.196;49.97;4.400;206.4;15.79;
1-493;8.213;49.97;4.400;206.5;15.82;
1-494;8.230;49.97;4.400;206.5;15.84;
1-495;8.246;49.97;4.400;206.5;15.86;
1-496;8.263;49.97;4.400;206.5;15.89;
1-497;8.280;49.97;4.400;206.5;15.91;
1-498;8.296;49.97;4.400;206.5;15.93;
1-499;8.313;49.97;4.400;206.5;15.95;
1-500;8.330;49.97;4.400;206.5;15.98;
1-501;8.346;49.97;4.400;206.6;16.00;
1-502;8.363;49.97;4.400;206.6;16.02;
1-503;8.380;49.97;4.300;206.6;16.05;
1-504;8.396;49.97;4.400;206.6;16.07;
1-505;8.413;49.97;4.400;206.6;16.09;
1-506;8.430;49.97;4.400;206.6;16.12;
1-507;8.446;49.97;4.400;206.6;16.14;
1-508;8.463;49.97;4.400;206.7;16.16;
1-509;8.480;49.97;4.300;206.7;16.18;
1-510;8.496;49.97;4.400;206.7;16.21;
1-511;8.513;49.97;4.400;206.7;16.23;
1-512;8.530;49.97;4.400;206.7;16.25;
1-513;8.546;49.97;4.400;206.7;16.28;
1-514;8.563;49.97;4.400;206.7;16.30;
1-515;8.580;49.97;4.400;206.7;16.32;
1-516;8.596;49.97;4.400;206.7;16.35;
1-517;8.613;49.97;4.400;206.8;16.37;
1-518;8.630;49.97;4.500;206.8;16.39;
1-519;8.646;49.97;4.500;206.8;16.42;
1-520;8.663;49.97;4.500;206.8;16.44;
1-521;8.680;49.97;4.400;206.8;16.46;
1-522;8.696;49.97;4.400;206.8;16.48;
1-523;8.713;49.97;4.500;206.8;16.51;
1-524;8.730;49.97;4.500;206.8;16.53;
1-525;8.746;49.97;4.500;206.8;16.56;
1-526;8.763;49.97;4.500;206.8;16.58;
1-527;8.780;49.97;4.400;206.9;16.60;
1-528;8.796;49.97;4.500;206.9;16.63;
1-529;8.813;49.97;4.500;206.9;16.65;
1-530;8.830;49.97;4.600;206.9;16.67;
1-531;8.846;49.97;4.600;206.9;16.70;
1-532;8.863;49.97;4.600;206.9;16.72;
1-533;8.880;49.97;4.600;206.9;16.74;
1-534;8.896;49.97;4.600;207.0;16.77;
1-535;8.913;49.97;4.600;207.0;16.79;
1-536;8.930;49.97;4.600;207.0;16.82;
1-537;8.946;49.97;4.700;207.0;16.84;
1-538;8.963;49.97;4.600;207.0;16.87;
1-539;8.980;49.97;4.600;207.0;16.89;
1-540;8.996;49.97;4.500;207.0;16.91;
1-541;9.013;49.97;4.600;207.0;16.94;
1-542;9.030;49.97;4.500;207.0;16.96;
1-543;9.046;49.97;4.500;207.1;16.98;
1-544;9.063;49.97;4.500;207.1;17.01;
1-545;9.080;49.97;4.400;207.1;17.03;
1-546;9.096;49.97;4.400;207.1;17.05;
1-547;9.113;49.97;4.500;207.1;17.08;
1-548;9.130;49.97;4.600;207.1;17.10;
1-549;9.146;49.97;4.500;207.1;17.13;
1-550;9.163;49.97;4.500;207.1;17.15;
1-551;9.180;49.97;4.500;207.1;17.17;
1-552;9.196;49.97;4.500;207.2;17.20;
1-553;9.213;49.97;4.500;207.2;17.22;
1-554;9.230;49.97;4.500;207.2;17.24;
1-555;9.246;49.97;4.600;207.2;17.27;
1-556;9.263;49.97;4.600;207.2;17.29;
1-557;9.280;49.97;4.500;207.2;17.32;
1-558;9.296;49.97;4.500;207.2;17.34;
1-559;9.313;49.97;4.600;207.2;17.36;
1-560;9.330;49.97;4.600;207.2;17.39;
1-561;9.346;49.97;4.500;207.2;17.41;
1-562;9.363;49.97;4.600;207.2;17.43;
1-563;9.380;49.97;4.600;207.3;17.46;
1-564;9.396;49.97;4.500;207.3;17.48;
1-565;9.413;49.97;4.600;207.3;17.51;
1-566;9.430;49.97;4.700;207.3;17.53;
1-567;9.446;49.97;4.700;207.3;17.55;
1-568;9.463;49.97;4.700;207.3;17.58;
1-569;9.480;49.97;4.700;207.3;17.60;
1-570;9.496;49.97;4.700;207.3;17.63;
1-571;9.513;49.97;4.700;207.3;17.65;
1-572;9.530;49.97;4.700;207.4;17.68;
1-573;9.546;49.97;4.800;207.3;17.70;
1-574;9.563;49.97;4.700;207.4;17.73;
1-575;9.580;49.97;4.700;207.4;17.75;
1-576;9.596;49.97;4.700;207.4;17.78;
1-577;9.613;49.97;4.700;207.4;17.80;
1-578;9.630;49.97;4.700;207.4;17.83;
1-579;9.646;49.97;4.700;207.4;17.85;
1-580;9.663;49.97;4.800;207.4;17.88;
1-581;9.680;49.97;4.700;207.4;17.90;
1-582;9.696;49.97;4.700;207.4;17.92;
1-583;9.713;49.97;4.700;207.4;17.95;
1-584;9.730;49.97;4.800;207.4;17.97;
1-585;9.746;49.97;4.800;207.4;18.00;
1-586;9.763;49.97;4.800;207.5;18.02;
1-587;9.780;49.97;4.800;207.5;18.05;
1-588;9.796;49.97;4.700;207.5;18.07;
1-589;9.813;49.97;4.800;207.5;18.10;
1-590;9.830;49.97;4.800;207.5;18.12;
1-591;9.846;49.97;4.900;207.5;18.15;
1-592;9.863;49.97;4.800;207.5;18.18;
1-593;9.880;49.97;4.800;207.5;18.20;
1-594;9.896;49.97;4.700;207.5;18.23;
1-595;9.913;49.97;4.800;207.6;18.25;
1-596;9.930;49.97;4.900;207.6;18.28;
1-597;9.946;49.97;4.800;207.6;18.30;
1-598;9.963;49.97;4.800;207.6;18.33;
1-599;9.980;49.97;4.800;207.6;18.35;
1-600;9.996;49.97;4.900;207.6;18.38;
1-601;10.01;49.97;5.000;207.6;18.40;
1-602;10.03;49.97;5.000;207.6;18.43;
1-603;10.05;49.97;5.000;207.6;18.45;
1-604;10.06;49.97;4.900;207.6;18.48;
1-605;10.08;49.97;5.000;207.6;18.51;
1-606;10.10;49.97;4.900;207.6;18.53;
1-607;10.11;49.97;4.900;207.6;18.56;
1-608;10.13;49.97;4.900;207.6;18.58;
1-609;10.15;49.97;5.100;207.7;18.61;
1-610;10.16;49.97;4.900;207.7;18.64;
1-611;10.18;49.97;4.900;207.7;18.66;
1-612;10.20;49.97;4.900;207.7;18.69;
1-613;10.21;49.97;4.900;207.7;18.71;
1-614;10.23;49.97;5.000;207.7;18.74;
1-615;10.25;49.97;4.900;207.7;18.76;
1-616;10.26;49.97;5.000;207.8;18.79;
1-617;10.28;49.97;5.000;207.8;18.82;
1-618;10.30;49.97;5.000;207.8;18.84;
1-619;10.31;49.97;5.000;207.8;18.87;
1-620;10.33;49.97;5.000;207.8;18.90;
1-621;10.35;49.97;5.100;207.8;18.92;
1-622;10.36;49.97;5.000;207.8;18.95;
1-623;10.38;49.97;5.100;207.8;18.97;
1-624;10.40;49.97;5.100;207.8;19.00;
1-625;10.41;49.97;5.200;207.8;19.03;
1-626;10.43;49.97;5.200;207.8;19.06;
1-627;10.45;49.97;5.300;207.8;19.08;
1-628;10.46;49.97;5.200;207.8;19.11;
1-629;10.48;49.97;5.200;207.9;19.14;
1-630;10.50;49.97;5.200;207.9;19.16;
1-631;10.51;49.97;5.200;207.9;19.19;
1-632;10.53;49.97;5.300;207.9;19.22;
1-633;10.55;49.97;5.300;207.9;19.25;
1-634;10.56;49.97;5.400;207.9;19.28;
1-635;10.58;49.97;5.400;207.9;19.30;
1-636;10.60;49.97;5.400;207.9;19.33;
1-637;10.61;49.97;5.500;207.9;19.36;
1-638;10.63;49.97;5.600;208.0;19.39;
1-639;10.65;49.97;5.500;208.0;19.42;
1-640;10.66;49.97;5.500;208.0;19.45;
1-641;10.68;49.97;5.600;208.0;19.48;
1-642;10.70;49.97;5.500;208.0;19.51;
1-643;10.71;49.97;5.600;208.0;19.53;
1-644;10.73;49.97;5.700;208.0;19.56;
1-645;10.75;49.97;5.700;208.0;19.59;
1-646;10.76;49.97;5.700;208.0;19.62;
1-647;10.78;49.97;5.700;208.0;19.65;
1-648;10.80;49.97;5.700;208.1;19.68;
1-649;10.81;49.97;5.700;208.1;19.71;
1-650;10.83;49.97;5.700;208.1;19.74;
1-651;10.85;49.97;5.700;208.1;19.77;
1-652;10.86;49.97;5.900;208.1;19.80;
1-653;10.88;49.97;5.900;208.1;19.83;
1-654;10.90;49.97;5.800;208.1;19.86;
1-655;10.91;49.97;5.800;208.2;19.89;
1-656;10.93;49.97;5.900;208.2;19.93;
1-657;10.95;49.97;6.000;208.2;19.96;
1-658;10.96;49.97;5.900;208.2;19.99;
1-659;10.98;49.97;6.000;208.2;20.02;
1-660;11.00;49.97;6.000;208.2;20.05;
1-661;11.01;49.97;6.000;208.2;20.08;
1-662;11.03;49.97;6.000;208.2;20.11;
1-663;11.05;49.97;6.100;208.3;20.14;
1-664;11.06;49.97;6.200;208.3;20.18;
1-665;11.08;49.97;6.200;208.3;20.21;
1-666;11.10;49.97;6.200;208.3;20.24;
1-667;11.11;49.97;6.200;208.3;20.27;
1-668;11.13;49.97;6.300;208.3;20.31;
1-669;11.15;49.97;6.300;208.3;20.34;
1-670;11.16;49.97;6.400;208.4;20.37;
1-671;11.18;49.97;6.400;208.4;20.41;
1-672;11.20;49.97;6.400;208.4;20.44;
1-673;11.21;49.97;6.400;208.4;20.47;
1-674;11.23;49.97;6.500;208.4;20.51;
1-675;11.25;49.97;6.600;208.4;20.54;
1-676;11.26;49.97;6.500;208.5;20.58;
1-677;11.28;49.97;6.700;208.5;20.61;
1-678;11.30;49.97;6.700;208.5;20.65;
1-679;11.31;49.97;6.600;208.5;20.68;
1-680;11.33;49.97;6.600;208.5;20.71;
1-681;11.35;49.97;6.800;208.5;20.75;
1-682;11.36;49.97;6.900;208.5;20.79;
1-683;11.38;49.97;6.800;208.5;20.82;
1-684;11.40;49.97;6.900;208.5;20.86;
1-685;11.41;49.97;6.800;208.6;20.89;
1-686;11.43;49.97;7.000;208.6;20.93;
1-687;11.45;49.97;7.000;208.6;20.97;
1-688;11.46;49.97;7.100;208.6;21.00;
1-689;11.48;49.97;7.100;208.6;21.04;
1-690;11.50;49.97;7.100;208.6;21.08;
1-691;11.51;49.97;7.100;208.6;21.11;
1-692;11.53;49.97;7.300;208.6;21.15;
1-693;11.55;49.97;7.300;208.6;21.19;
1-694;11.56;49.97;7.400;208.7;21.23;
1-695;11.58;49.97;7.400;208.7;21.27;
1-696;11.60;49.97;7.400;208.7;21.31;
1-697;11.61;49.97;7.300;208.7;21.34;
1-698;11.63;49.97;7.500;208.8;21.38;
1-699;11.65;49.97;7.600;208.8;21.42;
1-700;11.66;49.97;7.700;208.8;21.46;
1-701;11.68;49.97;7.600;208.8;21.50;
1-702;11.70;49.97;7.800;208.8;21.54;
1-703;11.71;49.97;7.600;208.9;21.58;
1-704;11.73;49.97;7.800;208.9;21.62;
1-705;11.75;49.97;7.800;208.9;21.66;
1-706;11.76;49.97;8.100;209.0;21.71;
1-707;11.78;49.97;7.900;209.0;21.75;
1-708;11.80;49.97;8.200;209.0;21.79;
1-709;11.81;49.97;8.100;209.0;21.83;
1-710;11.83;49.97;8.200;209.0;21.88;
1-711;11.85;49.97;8.300;209.0;21.92;
1-712;11.86;49.97;8.300;209.1;21.96;
1-713;11.88;49.97;8.500;209.1;22.01;
1-714;11.90;49.97;8.500;209.1;22.05;
1-715;11.91;49.97;8.500;209.2;22.10;
1-716;11.93;49.97;8.600;209.2;22.14;
1-717;11.95;49.97;8.800;209.2;22.19;
1-718;11.96;49.97;8.800;209.2;22.23;
1-719;11.98;49.97;8.700;209.3;22.28;
1-720;12.00;49.97;9.200;209.3;22.32;
1-721;12.01;49.97;8.900;209.3;22.37;
1-722;12.03;49.97;9.100;209.4;22.42;
1-723;12.05;49.97;9.200;209.4;22.47;
1-724;12.06;49.97;9.600;209.4;22.52;
1-725;12.08;49.97;9.300;209.5;22.57;
1-726;12.10;49.97;9.500;209.5;22.61;
1-727;12.11;49.97;9.600;209.5;22.66;
1-728;12.13;49.97;9.800;209.6;22.72;
1-729;12.15;49.97;10.00;209.6;22.77;
1-730;12.16;49.97;10.00;209.6;22.82;
1-731;12.18;49.97;10.20;209.7;22.87;
1-732;12.20;49.97;10.20;209.7;22.93;
1-733;12.21;49.97;10.30;209.8;22.98;
1-734;12.23;49.97;10.50;209.8;23.03;
1-735;12.25;49.97;10.70;209.8;23.09;
1-736;12.26;49.97;10.90;209.9;23.15;
1-737;12.28;49.97;10.80;209.9;23.20;
1-738;12.30;49.97;11.20;210.0;23.26;
1-739;12.31;49.97;11.20;210.0;23.32;
1-740;12.33;49.97;11.50;210.1;23.38;
1-741;12.35;49.97;11.40;210.1;23.44;
1-742;12.36;49.97;11.90;210.2;23.50;
1-743;12.38;49.97;11.80;210.2;23.56;
1-744;12.40;49.97;12.10;210.3;23.62;
1-745;12.41;49.97;12.00;210.4;23.69;
1-746;12.43;49.97;12.30;210.4;23.75;
1-747;12.45;49.97;12.60;210.4;23.82;
1-748;12.46;49.97;12.50;210.5;23.88;
1-749;12.48;49.97;12.80;210.6;23.95;
1-750;12.50;49.97;12.90;210.6;24.01;
1-751;12.51;49.97;12.90;210.7;24.08;
1-752;12.53;49.97;13.50;210.8;24.15;
1-753;12.55;49.97;13.70;210.8;24.22;
1-754;12.56;49.97;13.90;210.9;24.29;
1-755;12.58;49.97;13.50;211.0;24.37;
1-756;12.60;49.97;14.20;211.1;24.44;
1-757;12.61;49.97;13.90;211.2;24.51;
1-758;12.63;49.97;14.20;211.3;24.59;
1-759;12.65;49.97;14.00;211.4;24.66;
1-760;12.66;49.97;14.30;211.5;24.73;
1-761;12.68;49.97;14.60;211.6;24.81;
1-762;12.70;49.97;14.50;211.7;24.89;
1-763;12.71;49.97;14.50;211.9;24.96;
1-764;12.73;49.97;14.40;212.0;25.04;
1-765;12.75;49.97;14.70;212.1;25.11;
1-766;12.76;49.97;14.60;212.3;25.19;
1-767;12.78;49.97;15.10;212.4;25.27;
1-768;12.80;49.97;14.90;212.5;25.35;
1-769;12.81;49.97;15.00;212.6;25.42;
1-770;12.83;49.97;14.80;212.7;25.50;
1-771;12.85;49.97;15.00;212.8;25.58;
1-772;12.86;49.97;15.50;212.8;25.66;
1-773;12.88;49.97;15.00;212.9;25.74;
1-774;12.90;49.97;15.60;213.0;25.82;
1-775;12.91;49.97;15.50;213.1;25.90;
1-776;12.93;49.97;15.60;213.2;25.98;
1-777;12.95;49.97;15.60;213.2;26.06;
1-778;12.96;49.97;15.50;213.2;26.15;
1-779;12.98;49.97;15.70;213.3;26.23;
1-780;13.00;49.97;15.70;213.3;26.31;
1-781;13.01;49.97;16.00;213.4;26.39;
1-782;13.03;49.97;15.80;213.4;26.48;
1-783;13.05;49.97;16.20;213.5;26.56;
1-784;13.06;49.97;15.80;213.6;26.64;
1-785;13.08;49.97;15.70;213.6;26.73;
1-786;13.10;49.97;15.40;213.6;26.81;
1-787;13.11;49.97;16.10;213.7;26.89;
1-788;13.13;49.97;16.20;213.7;26.97;
1-789;13.15;49.97;16.40;213.7;27.06;
1-790;13.16;49.97;16.40;213.8;27.14;
1-791;13.18;49.97;16.00;213.8;27.23;
1-792;13.20;49.97;15.90;213.9;27.31;
1-793;13.21;49.97;15.70;213.9;27.40;
1-794;13.23;49.97;16.40;214.0;27.48;
1-795;13.25;49.97;16.70;214.0;27.57;
1-796;13.26;49.97;16.10;214.0;27.65;
1-797;13.28;49.97;16.10;214.1;27.74;
1-798;13.30;49.97;15.90;214.2;27.82;
1-799;13.31;49.97;16.40;214.2;27.90;
1-800;13.33;49.97;16.50;214.2;27.99;
1-801;13.35;49.97;16.60;214.3;28.08;
1-802;13.36;49.97;16.50;214.3;28.16;
1-803;13.38;49.97;16.50;214.4;28.25;
1-804;13.40;49.97;16.20;214.4;28.34;
1-805;13.41;49.97;17.30;214.5;28.42;
1-806;13.43;49.97;16.70;214.5;28.51;
1-807;13.45;49.97;16.30;214.6;28.60;
1-808;13.46;49.97;16.40;214.6;28.68;
1-809;13.48;49.97;16.50;214.7;28.77;
1-810;13.50;49.97;16.40;214.7;28.86;
1-811;13.51;49.97;16.90;214.7;28.94;
1-812;13.53;49.97;16.50;214.8;29.03;
1-813;13.55;49.97;16.20;214.8;29.12;
1-814;13.56;49.97;16.80;214.8;29.20;
1-815;13.58;49.97;16.30;214.9;29.29;
1-816;13.60;49.97;16.80;214.9;29.38;
1-817;13.61;49.97;17.10;215.0;29.46;
1-818;13.63;49.97;16.50;215.0;29.55;
1-819;13.65;49.97;16.70;215.1;29.64;
1-820;13.66;49.97;16.70;215.1;29.73;
1-821;13.68;49.97;17.10;215.2;29.82;
1-822;13.70;49.97;16.70;215.2;29.90;
1-823;13.71;49.97;16.70;215.2;29.99;
1-824;13.73;49.97;16.80;215.3;30.08;
1-825;13.75;49.97;17.00;215.4;30.17;
1-826;13.76;49.97;16.60;215.4;30.26;
1-827;13.78;49.97;16.90;215.4;30.34;
1-828;13.80;49.97;16.60;215.4;30.43;
1-829;13.81;49.97;16.80;215.4;30.52;
1-830;13.83;49.97;17.20;215.4;30.61;
1-831;13.85;49.97;17.20;215.5;30.70;
1-832;13.86;49.97;17.20;215.5;30.79;
1-833;13.88;49.97;17.00;215.6;30.88;
1-834;13.90;49.97;16.40;215.6;30.96;
1-835;13.91;49.97;17.60;215.6;31.05;
1-836;13.93;49.97;17.20;215.7;31.14;
1-837;13.95;49.97;16.90;215.7;31.23;
1-838;13.96;49.97;16.80;215.8;31.32;
1-839;13.98;49.97;17.10;215.8;31.41;
1-840;14.00;49.97;16.30;215.9;31.50;
1-841;14.01;49.97;16.60;215.9;31.58;
1-842;14.03;49.97;16.80;215.9;31.67;
1-843;14.05;49.97;17.50;216.0;31.76;
1-844;14.06;49.97;17.10;216.0;31.85;
1-845;14.08;49.97;17.40;216.1;31.94;
1-846;14.10;49.97;17.20;216.1;32.03;
1-847;14.11;49.97;16.90;216.1;32.12;
1-848;14.13;49.97;17.20;216.1;32.21;
1-849;14.15;49.97;17.20;216.2;32.30;
1-850;14.16;49.97;17.80;216.2;32.39;
1-851;14.18;49.97;17.50;216.2;32.48;
1-852;14.20;49.97;16.80;216.2;32.57;
1-853;14.21;49.97;17.30;216.2;32.66;
1-854;14.23;49.97;17.00;216.3;32.75;
1-855;14.25;49.97;16.90;216.3;32.84;
1-856;14.26;49.97;17.60;216.4;32.93;
1-857;14.28;49.97;17.50;216.4;33.02;
1-858;14.30;49.97;17.00;216.5;33.11;
1-859;14.31;49.97;17.10;216.5;33.20;
1-860;14.33;49.97;17.30;216.5;33.29;
1-861;14.35;49.97;17.20;216.5;33.38;
1-862;14.36;49.97;17.40;216.5;33.47;
1-863;14.38;49.97;17.30;216.6;33.56;
1-864;14.40;49.97;17.30;216.6;33.66;
1-865;14.41;49.97;16.90;216.6;33.75;
1-866;14.43;49.97;17.20;216.7;33.83;
1-867;14.45;49.97;17.40;216.7;33.92;
1-868;14.46;49.97;17.30;216.7;34.02;
1-869;14.48;49.97;17.20;216.7;34.11;
1-870;14.50;49.97;17.30;216.7;34.20;
1-871;14.51;49.97;17.20;216.8;34.29;
1-872;14.53;49.97;17.20;216.8;34.38;
1-873;14.55;49.97;16.80;216.8;34.47;
1-874;14.56;49.97;17.10;216.8;34.55;
1-875;14.58;49.97;17.70;216.8;34.65;
1-876;14.60;49.97;17.10;216.8;34.74;
1-877;14.61;49.97;17.20;216.8;34.83;
1-878;14.63;49.97;17.40;216.9;34.92;
1-879;14.65;49.97;17.20;216.9;35.01;
1-880;14.66;49.97;17.30;216.9;35.10;
1-881;14.68;49.97;17.40;217.0;35.19;
1-882;14.70;49.97;17.40;217.0;35.28;
1-883;14.71;49.97;17.00;217.0;35.37;
1-884;14.73;49.97;17.00;217.0;35.46;
1-885;14.75;49.97;17.20;217.1;35.55;
1-886;14.76;49.97;17.70;217.1;35.64;
1-887;14.78;49.97;17.00;217.1;35.73;
1-888;14.80;49.97;17.00;217.2;35.82;
1-889;14.81;49.97;17.40;217.2;35.91;
1-890;14.83;49.97;17.40;217.2;36.00;
1-891;14.85;49.97;17.10;217.2;36.09;
1-892;14.86;49.97;17.40;217.2;36.18;
1-893;14.88;49.97;17.50;217.3;36.27;
1-894;14.90;49.97;17.20;217.3;36.36;
1-895;14.91;49.97;16.80;217.4;36.45;
1-896;14.93;49.97;17.30;217.4;36.54;
1-897;14.95;49.97;17.30;217.4;36.63;
1-898;14.96;49.97;16.90;217.4;36.72;
1-899;14.98;49.97;17.00;217.4;36.81;
1-900;15.00;49.97;17.10;217.4;36.90;
1-901;15.01;49.97;16.90;217.4;36.99;
1-902;15.03;49.97;17.10;217.4;37.08;
1-903;15.05;49.97;17.00;217.4;37.17;
1-904;15.06;49.97;17.40;217.4;37.26;
1-905;15.08;49.97;17.10;217.5;37.35;
1-906;15.10;49.97;17.10;217.5;37.44;
1-907;15.11;49.97;17.10;217.5;37.52;
1-908;15.13;49.97;16.70;217.5;37.61;
1-909;15.15;49.97;17.10;217.5;37.70;
1-910;15.16;49.97;17.10;217.5;37.79;
1-911;15.18;49.97;17.30;217.5;37.88;
1-912;15.20;49.97;16.90;217.5;37.97;
1-913;15.21;49.97;16.70;217.5;38.06;
1-914;15.23;49.97;17.30;217.6;38.15;
1-915;15.25;49.97;16.90;217.6;38.24;
1-916;15.26;49.97;17.00;217.5;38.33;
1-917;15.28;49.97;16.90;217.5;38.41;
1-918;15.30;49.97;17.60;217.5;38.50;
1-919;15.31;49.97;16.90;217.5;38.60;
1-920;15.33;49.97;17.50;217.5;38.69;
1-921;15.35;49.97;16.90;217.6;38.78;
1-922;15.36;49.97;16.80;217.6;38.86;
1-923;15.38;49.97;17.10;217.7;38.95;
1-924;15.40;49.97;17.20;217.7;39.04;
1-925;15.41;49.97;17.30;217.7;39.13;
1-926;15.43;49.97;17.10;217.7;39.22;
1-927;15.45;49.97;16.90;217.8;39.31;
1-928;15.46;49.97;16.90;217.8;39.40;
1-929;15.48;49.97;17.10;217.8;39.49;
1-930;15.50;49.97;17.00;217.8;39.58;
1-931;15.51;49.97;16.70;217.8;39.67;
1-932;15.53;49.97;17.10;217.8;39.75;
1-933;15.55;49.97;17.10;217.8;39.84;
1-934;15.56;49.97;17.40;217.8;39.93;
1-935;15.58;49.97;16.90;217.8;40.02;
1-936;15.60;49.97;17.00;217.8;40.11;
1-937;15.61;49.97;16.60;217.8;40.20;
1-938;15.63;49.97;17.20;217.8;40.29;
1-939;15.65;49.97;17.00;217.8;40.38;
1-940;15.66;49.97;16.50;217.8;40.47;
1-941;15.68;49.97;17.20;217.8;40.55;
1-942;15.70;49.97;17.30;217.8;40.64;
1-943;15.71;49.97;17.10;217.8;40.73;
1-944;15.73;49.97;16.90;217.8;40.82;
1-945;15.75;49.97;16.80;217.8;40.91;
1-946;15.76;49.97;16.90;217.8;41.00;
1-947;15.78;49.97;17.30;217.8;41.09;
1-948;15.80;49.97;17.10;217.9;41.18;
1-949;15.81;49.97;17.10;217.9;41.27;
1-950;15.83;49.97;17.00;217.9;41.36;
1-951;15.85;49.97;16.70;217.9;41.45;
1-952;15.86;49.97;17.10;217.9;41.53;
1-953;15.88;49.97;17.00;217.9;41.62;
1-954;15.90;49.97;16.50;218.0;41.71;
1-955;15.91;49.97;16.40;218.0;41.80;
1-956;15.93;49.97;17.00;217.9;41.89;
1-957;15.95;49.97;17.00;217.9;41.97;
1-958;15.96;49.97;16.70;217.9;42.06;
1-959;15.98;49.97;16.50;217.9;42.15;
1-960;16.00;49.97;16.60;217.9;42.24;
1-961;16.01;49.97;17.20;217.9;42.32;
1-962;16.03;49.97;16.60;217.9;42.41;
1-963;16.05;49.97;16.80;217.9;42.50;
1-964;16.06;49.97;16.60;217.9;42.59;
1-965;16.08;49.97;16.80;217.9;42.67;
1-966;16.10;49.97;16.80;217.9;42.76;
1-967;16.11;49.97;16.70;218.0;42.85;
1-968;16.13;49.97;16.50;218.0;42.94;
1-969;16.15;49.97;16.70;218.0;43.02;
1-970;16.16;49.97;16.80;218.0;43.11;
1-971;16.18;49.97;16.90;218.0;43.20;
1-972;16.20;49.97;17.10;218.0;43.29;
1-973;16.21;49.97;16.70;218.0;43.38;
1-974;16.23;49.97;16.40;218.0;43.46;
1-975;16.25;49.97;16.60;218.0;43.55;
1-976;16.26;49.97;16.50;218.0;43.64;
1-977;16.28;49.97;16.20;218.0;43.72;
1-978;16.30;49.97;16.20;218.0;43.81;
1-979;16.31;49.97;16.10;218.0;43.89;
1-980;16.33;49.97;16.80;218.0;43.98;
1-981;16.35;49.97;16.50;218.0;44.06;
1-982;16.36;49.97;16.70;218.0;44.15;
1-983;16.38;49.97;17.00;218.0;44.24;
1-984;16.40;49.97;16.60;218.0;44.33;
1-985;16.41;49.97;16.40;218.0;44.41;
1-986;16.43;49.97;16.60;218.0;44.50;
1-987;16.45;49.97;16.40;218.0;44.59;
1-988;16.46;49.97;16.40;218.1;44.67;
1-989;16.48;49.97;16.90;218.1;44.76;
1-990;16.50;49.97;16.40;218.1;44.85;
1-991;16.51;49.97;16.50;218.1;44.93;
1-992;16.53;49.97;16.00;218.0;45.02;
1-993;16.55;49.97;16.30;218.1;45.10;
1-994;16.56;49.97;16.20;218.1;45.19;
1-995;16.58;49.97;16.60;218.1;45.27;
1-996;16.60;49.97;16.70;218.1;45.36;
1-997;16.61;49.97;16.80;218.1;45.45;
1-998;16.63;49.97;15.90;218.1;45.53;
1-999;16.65;49.97;16.00;218.1;45.62;
1-1000;16.66;49.97;16.20;218.1;45.70;
1-1001;16.68;49.97;16.60;218.1;45.79;
1-1002;16.70;49.97;16.30;218.1;45.87;
1-1003;16.71;49.97;16.10;218.1;45.96;
1-1004;16.73;49.97;16.30;218.1;46.04;
1-1005;16.75;49.97;16.80;218.1;46.13;
1-1006;16.76;49.97;16.50;218.1;46.22;
1-1007;16.78;49.97;16.30;218.1;46.30;
1-1008;16.80;49.97;16.40;218.1;46.39;
1-1009;16.81;49.97;16.70;218.1;46.47;
1-1010;16.83;49.97;16.00;218.1;46.56;
1-1011;16.85;49.97;16.20;218.1;46.64;
1-1012;16.86;49.97;16.10;218.1;46.73;
1-1013;16.88;49.97;16.10;218.1;46.81;
1-1014;16.90;49.97;16.60;218.1;46.90;
1-1015;16.91;49.97;16.10;218.1;46.98;
1-1016;16.93;49.97;15.80;218.1;47.07;
1-1017;16.95;49.97;16.10;218.1;47.15;
1-1018;16.96;49.97;16.40;218.0;47.24;
1-1019;16.98;49.97;15.90;218.0;47.32;
1-1020;17.00;49.97;16.20;218.0;47.41;
1-1021;17.01;49.97;16.20;218.0;47.49;
1-1022;17.03;49.97;15.70;218.0;47.57;
1-1023;17.05;49.97;16.20;218.0;47.66;
1-1024;17.06;49.97;16.00;218.0;47.74;
1-1025;17.08;49.97;16.40;218.0;47.83;
1-1026;17.10;49.97;16.10;218.0;47.91;
1-1027;17.11;49.97;16.30;218.0;48.00;
1-1028;17.13;49.97;15.90;218.0;48.08;
1-1029;17.15;49.97;16.00;218.0;48.16;
1-1030;17.16;49.97;16.10;218.0;48.25;
1-1031;17.18;49.97;15.80;218.0;48.33;
1-1032;17.20;49.97;16.00;218.0;48.41;
1-1033;17.21;49.97;16.00;218.0;48.50;
1-1034;17.23;49.97;16.20;218.0;48.58;
1-1035;17.25;49.97;16.00;218.0;48.67;
1-1036;17.26;49.97;15.80;218.0;48.75;
1-1037;17.28;49.97;15.80;218.0;48.83;
1-1038;17.30;49.97;16.30;218.1;48.92;
1-1039;17.31;49.97;15.70;218.1;49.00;
1-1040;17.33;49.97;15.90;218.0;49.08;
1-1041;17.35;49.97;16.00;218.1;49.17;
1-1042;17.36;49.97;15.50;218.0;49.25;
1-1043;17.38;49.97;16.10;218.0;49.33;
1-1044;17.40;49.97;16.10;218.1;49.42;
1-1045;17.41;49.97;16.20;218.0;49.50;
1-1046;17.43;49.97;16.00;218.0;49.58;
1-1047;17.45;49.97;16.20;218.0;49.67;
1-1048;17.46;49.97;16.00;218.0;49.75;
1-1049;17.48;49.97;16.10;218.1;49.84;
1-1050;17.50;49.97;15.70;218.1;49.92;
1-1051;17.51;49.97;15.70;218.1;50.00;
1-1052;17.53;49.97;15.70;218.1;50.08;
1-1053;17.55;49.97;16.20;218.1;50.17;
1-1054;17.56;49.97;16.10;218.1;50.25;
1-1055;17.58;49.97;15.40;218.1;50.33;
1-1056;17.60;49.97;15.40;218.1;50.42;
1-1057;17.61;49.97;15.40;218.1;50.50;
1-1058;17.63;49.97;15.40;218.1;50.58;
1-1059;17.65;49.97;15.50;218.1;50.66;
1-1060;17.66;49.97;15.40;218.1;50.74;
1-1061;17.68;49.97;15.90;218.1;50.82;
1-1062;17.70;49.97;16.30;218.1;50.90;
1-1063;17.71;49.97;16.00;218.1;50.99;
1-1064;17.73;49.97;16.20;218.1;51.07;
1-1065;17.75;49.97;16.10;218.1;51.16;
1-1066;17.76;49.97;15.60;218.1;51.24;
1-1067;17.78;49.97;15.30;218.1;51.32;
1-1068;17.80;49.97;15.20;218.1;51.40;
1-1069;17.81;49.97;15.40;218.1;51.48;
1-1070;17.83;49.97;15.40;218.1;51.56;
1-1071;17.85;49.97;15.20;218.1;51.64;
1-1072;17.86;49.97;15.90;218.1;51.72;
1-1073;17.88;49.97;15.40;218.1;51.81;
1-1074;17.90;49.97;15.20;218.1;51.89;
1-1075;17.91;49.97;15.50;218.1;51.97;
1-1076;17.93;49.97;15.20;218.1;52.05;
1-1077;17.95;49.97;14.90;218.1;52.12;
1-1078;17.96;49.97;15.30;218.1;52.20;
1-1079;17.98;49.97;15.60;218.1;52.28;
1-1080;18.00;49.97;15.50;218.1;52.37;
1-1081;18.01;49.97;15.40;218.1;52.45;
1-1082;18.03;49.97;15.40;218.1;52.53;
1-1083;18.05;49.97;15.80;218.1;52.61;
1-1084;18.06;49.97;15.30;218.1;52.69;
1-1085;18.08;49.97;15.30;218.1;52.77;
1-1086;18.10;49.97;15.30;218.1;52.85;
1-1087;18.11;49.97;15.40;218.1;52.93;
1-1088;18.13;49.97;15.10;218.1;53.01;
1-1089;18.15;49.97;14.60;218.0;53.09;
1-1090;18.16;49.97;15.30;218.0;53.17;
1-1091;18.18;49.97;15.50;218.0;53.25;
1-1092;18.20;49.97;14.70;218.0;53.33;
1-1093;18.21;49.97;15.30;218.0;53.40;
1-1094;18.23;49.97;15.00;218.0;53.48;
1-1095;18.25;49.97;14.90;218.0;53.56;
1-1096;18.26;49.97;15.20;218.0;53.64;
1-1097;18.28;49.97;14.90;218.0;53.72;
1-1098;18.30;49.97;15.10;217.9;53.80;
1-1099;18.31;49.97;14.90;217.9;53.88;
1-1100;18.33;49.97;14.80;217.9;53.95;
1-1101;18.35;49.97;14.80;217.9;54.03;
1-1102;18.36;49.97;14.90;217.9;54.11;
1-1103;18.38;49.97;14.90;217.9;54.19;
1-1104;18.40;49.97;14.90;217.9;54.27;
1-1105;18.41;49.97;15.50;217.9;54.35;
1-1106;18.43;49.97;14.80;217.9;54.42;
1-1107;18.45;49.97;14.60;217.9;54.50;
1-1108;18.46;49.97;14.90;217.9;54.58;
1-1109;18.48;49.97;14.80;217.9;54.66;
1-1110;18.50;49.97;14.60;217.9;54.73;
1-1111;18.51;49.97;14.90;217.9;54.81;
1-1112;18.53;49.97;14.90;217.9;54.89;
1-1113;18.55;49.97;14.50;217.9;54.97;
1-1114;18.56;49.97;14.70;217.9;55.04;
1-1115;18.58;49.97;14.70;217.9;55.12;
1-1116;18.60;49.97;14.80;217.9;55.20;
1-1117;18.61;49.97;15.00;217.9;55.27;
1-1118;18.63;49.97;15.00;217.9;55.35;
1-1119;18.65;49.97;15.00;217.9;55.43;
1-1120;18.66;49.97;14.70;217.9;55.51;
1-1121;18.68;49.97;15.00;217.9;55.59;
1-1122;18.70;49.97;14.40;217.8;55.66;
1-1123;18.71;49.97;15.10;217.8;55.74;
1-1124;18.73;49.97;14.60;217.9;55.82;
1-1125;18.75;49.97;14.50;217.9;55.89;
1-1126;18.76;49.97;14.60;217.9;55.97;
1-1127;18.78;49.97;14.50;217.9;56.05;
1-1128;18.80;49.97;14.00;217.9;56.12;
1-1129;18.81;49.97;14.70;217.9;56.20;
1-1130;18.83;49.97;14.70;217.9;56.27;
1-1131;18.85;49.97;14.80;217.9;56.35;
1-1132;18.86;49.97;14.10;217.9;56.43;
1-1133;18.88;49.97;14.60;217.8;56.50;
1-1134;18.90;49.97;14.70;217.9;56.58;
1-1135;18.91;49.97;14.20;217.9;56.65;
1-1136;18.93;49.97;14.40;217.9;56.73;
1-1137;18.95;49.97;14.40;217.9;56.80;
1-1138;18.96;49.97;14.20;217.8;56.88;
1-1139;18.98;49.97;14.30;217.9;56.95;
1-1140;19.00;49.97;13.90;217.8;57.03;
1-1141;19.01;49.97;14.40;217.8;57.10;
1-1142;19.03;49.97;14.80;217.8;57.18;
1-1143;19.05;49.97;14.50;217.8;57.25;
1-1144;19.06;49.97;14.20;217.8;57.33;
1-1145;19.08;49.97;14.80;217.8;57.40;
1-1146;19.10;49.97;14.40;217.8;57.48;
1-1147;19.11;49.97;14.60;217.8;57.56;
1-1148;19.13;49.97;14.20;217.8;57.63;
1-1149;19.15;49.97;13.80;217.8;57.71;
1-1150;19.16;49.97;13.50;217.8;57.78;
1-1151;19.18;49.97;14.20;217.8;57.85;
1-1152;19.20;49.97;14.10;217.8;57.92;
1-1153;19.21;49.97;14.20;217.8;58.00;
1-1154;19.23;49.97;14.50;217.8;58.07;
1-1155;19.25;49.97;13.80;217.8;58.15;
1-1156;19.26;49.97;14.10;217.8;58.22;
1-1157;19.28;49.97;13.50;217.8;58.29;
1-1158;19.30;49.97;14.00;217.8;58.36;
1-1159;19.31;49.97;14.20;217.8;58.44;
1-1160;19.33;49.97;14.00;217.8;58.51;
1-1161;19.35;49.97;13.50;217.8;58.58;
1-1162;19.36;49.97;14.20;217.8;58.66;
1-1163;19.38;49.97;13.90;217.7;58.73;
1-1164;19.40;49.97;13.60;217.8;58.80;
1-1165;19.41;49.97;14.20;217.8;58.87;
1-1166;19.43;49.97;13.60;217.8;58.95;
1-1167;19.45;49.97;13.40;217.7;59.02;
1-1168;19.46;49.97;13.80;217.7;59.09;
1-1169;19.48;49.97;13.70;217.7;59.16;
1-1170;19.50;49.97;14.00;217.7;59.23;
1-1171;19.51;49.97;13.90;217.7;59.31;
1-1172;19.53;49.97;14.30;217.7;59.38;
1-1173;19.55;49.97;14.00;217.7;59.45;
1-1174;19.56;49.97;13.60;217.7;59.53;
1-1175;19.58;49.97;13.50;217.7;59.60;
1-1176;19.60;49.97;14.50;217.7;59.67;
1-1177;19.61;49.97;14.00;217.7;59.75;
1-1178;19.63;49.97;13.80;217.7;59.82;
1-1179;19.65;49.97;13.90;217.7;59.89;
1-1180;19.66;49.97;13.90;217.7;59.96;
1-1181;19.68;49.97;13.40;217.7;60.03;
1-1182;19.70;49.97;13.50;217.7;60.11;
1-1183;19.71;49.97;13.80;217.7;60.18;
1-1184;19.73;49.97;13.50;217.7;60.25;
1-1185;19.75;49.97;13.20;217.7;60.32;
1-1186;19.76;49.97;13.50;217.7;60.39;
1-1187;19.78;49.97;13.20;217.7;60.46;
1-1188;19.80;49.97;13.60;217.7;60.53;
1-1189;19.81;49.97;13.00;217.7;60.60;
1-1190;19.83;49.97;13.60;217.7;60.67;
1-1191;19.85;49.97;12.80;217.7;60.74;
1-1192;19.86;49.97;12.80;217.7;60.80;
1-1193;19.88;49.97;13.20;217.7;60.87;
1-1194;19.90;49.97;12.90;217.7;60.94;
1-1195;19.91;49.97;13.30;217.6;61.01;
1-1196;19.93;49.97;13.00;217.6;61.08;
1-1197;19.95;49.97;13.40;217.6;61.15;
1-1198;19.96;49.97;13.20;217.6;61.22;
1-1199;19.98;49.97;12.90;217.6;61.28;
1-1200;20.00;49.97;12.90;217.6;61.35;
1-1201;20.01;49.97;13.10;217.6;61.42;
1-1202;20.03;49.97;12.80;217.6;61.49;
1-1203;20.05;49.97;12.70;217.6;61.55;
1-1204;20.06;49.97;12.80;217.5;61.62;
1-1205;20.08;49.97;12.80;217.5;61.69;
1-1206;20.10;49.97;13.30;217.5;61.76;
1-1207;20.11;49.97;12.30;217.5;61.82;
1-1208;20.13;49.97;13.00;217.5;61.89;
1-1209;20.15;49.97;13.00;217.5;61.96;
1-1210;20.16;49.97;12.80;217.5;62.02;
1-1211;20.18;49.97;12.50;217.5;62.09;
1-1212;20.20;49.97;12.60;217.5;62.16;
1-1213;20.21;49.97;12.80;217.5;62.22;
1-1214;20.23;49.97;12.50;217.4;62.29;
1-1215;20.25;49.97;13.20;217.4;62.36;
1-1216;20.26;49.97;12.40;217.4;62.42;
1-1217;20.28;49.97;12.70;217.4;62.49;
1-1218;20.30;49.97;12.40;217.4;62.55;
1-1219;20.31;49.97;12.80;217.4;62.62;
1-1220;20.33;49.97;12.50;217.4;62.69;
1-1221;20.35;49.97;12.30;217.4;62.75;
1-1222;20.36;49.97;12.20;217.4;62.82;
1-1223;20.38;49.97;12.60;217.4;62.88;
1-1224;20.40;49.97;12.30;217.4;62.95;
1-1225;20.41;49.97;12.30;217.4;63.01;
1-1226;20.43;49.97;12.30;217.4;63.07;
1-1227;20.45;49.97;12.50;217.3;63.14;
1-1228;20.46;49.97;12.10;217.3;63.20;
1-1229;20.48;49.97;12.30;217.3;63.27;
1-1230;20.50;49.97;12.40;217.3;63.33;
1-1231;20.51;49.97;12.30;217.3;63.40;
1-1232;20.53;49.97;12.00;217.3;63.46;
1-1233;20.55;49.97;12.60;217.2;63.52;
1-1234;20.56;49.97;12.00;217.2;63.59;
1-1235;20.58;49.97;11.80;217.2;63.65;
1-1236;20.60;49.97;11.80;217.2;63.71;
1-1237;20.61;49.97;12.30;217.2;63.78;
1-1238;20.63;49.97;12.20;217.2;63.84;
1-1239;20.65;49.97;11.70;217.2;63.90;
1-1240;20.66;49.97;11.30;217.2;63.96;
1-1241;20.68;49.97;11.40;217.2;64.02;
1-1242;20.70;49.97;11.80;217.2;64.08;
1-1243;20.71;49.97;11.50;217.2;64.14;
1-1244;20.73;49.97;11.80;217.2;64.21;
1-1245;20.75;49.97;11.90;217.2;64.27;
1-1246;20.76;49.97;11.20;217.2;64.33;
1-1247;20.78;49.97;11.40;217.1;64.39;
1-1248;20.80;49.97;11.30;217.1;64.45;
1-1249;20.81;49.97;11.40;217.1;64.51;
1-1250;20.83;49.97;11.10;217.1;64.56;
1-1251;20.85;49.97;11.50;217.1;64.62;
1-1252;20.86;49.97;11.50;217.0;64.68;
1-1253;20.88;49.97;11.60;217.0;64.74;
1-1254;20.90;49.97;11.50;217.0;64.80;
1-1255;20.91;49.97;11.50;217.0;64.86;
1-1256;20.93;49.97;11.20;217.0;64.92;
1-1257;20.95;49.97;11.20;217.0;64.98;
1-1258;20.96;49.97;11.60;217.0;65.04;
1-1259;20.98;49.97;11.30;217.0;65.10;
1-1260;21.00;49.97;11.70;217.0;65.16;
1-1261;21.01;49.97;11.00;217.0;65.22;
1-1262;21.03;49.97;11.30;217.0;65.28;
1-1263;21.05;49.97;11.50;216.9;65.34;
1-1264;21.06;49.97;11.20;216.9;65.40;
1-1265;21.08;49.97;11.10;216.9;65.46;
1-1266;21.10;49.97;11.20;216.8;65.52;
1-1267;21.11;49.97;11.40;216.8;65.58;
1-1268;21.13;49.97;11.20;216.8;65.63;
1-1269;21.15;49.97;10.90;216.8;65.69;
1-1270;21.16;49.97;10.70;216.8;65.75;
1-1271;21.18;49.97;10.50;216.8;65.80;
1-1272;21.20;49.97;10.40;216.8;65.86;
1-1273;21.21;49.97;10.40;216.7;65.91;
1-1274;21.23;49.97;10.60;216.7;65.97;
1-1275;21.25;49.97;10.30;216.7;66.02;
1-1276;21.26;49.97;10.70;216.7;66.08;
1-1277;21.28;49.97;10.40;216.6;66.13;
1-1278;21.30;49.97;10.50;216.6;66.19;
1-1279;21.31;49.97;10.20;216.6;66.24;
1-1280;21.33;49.97;10.30;216.6;66.30;
1-1281;21.35;49.97;10.30;216.6;66.35;
1-1282;21.36;49.97;9.900;216.6;66.40;
1-1283;21.38;49.97;10.30;216.5;66.46;
1-1284;21.40;49.97;10.20;216.5;66.51;
1-1285;21.41;49.97;9.900;216.5;66.56;
1-1286;21.43;49.97;9.900;216.4;66.61;
1-1287;21.45;49.97;10.10;216.4;66.67;
1-1288;21.46;49.97;9.800;216.4;66.72;
1-1289;21.48;49.97;9.900;216.4;66.77;
1-1290;21.50;49.97;9.900;216.4;66.82;
1-1291;21.51;49.97;9.800;216.3;66.87;
1-1292;21.53;49.97;10.00;216.3;66.92;
1-1293;21.55;49.97;9.600;216.3;66.98;
1-1294;21.56;49.97;10.00;216.3;67.03;
1-1295;21.58;49.97;9.900;216.3;67.08;
1-1296;21.60;49.97;9.600;216.2;67.13;
1-1297;21.61;49.97;9.500;216.2;67.18;
1-1298;21.63;49.97;9.800;216.2;67.23;
1-1299;21.65;49.97;9.400;216.1;67.28;
1-1300;21.66;49.97;9.400;216.1;67.33;
1-1301;21.68;49.97;9.700;216.1;67.38;
1-1302;21.70;49.97;9.400;216.1;67.43;
1-1303;21.71;49.97;9.300;216.0;67.48;
1-1304;21.73;49.97;9.300;216.0;67.53;
1-1305;21.75;49.97;9.600;216.0;67.58;
1-1306;21.76;49.97;9.200;216.0;67.63;
1-1307;21.78;49.97;9.000;215.9;67.67;
1-1308;21.80;49.97;9.200;215.9;67.72;
1-1309;21.81;49.97;9.200;215.9;67.77;
1-1310;21.83;49.97;9.200;215.8;67.82;
1-1311;21.85;49.97;9.000;215.8;67.87;
1-1312;21.86;49.97;9.300;215.8;67.91;
1-1313;21.88;49.97;9.200;215.8;67.96;
1-1314;21.90;49.97;9.300;215.7;68.01;
1-1315;21.91;49.97;8.900;215.7;68.06;
1-1316;21.93;49.97;9.000;215.7;68.10;
1-1317;21.95;49.97;9.400;215.6;68.15;
1-1318;21.96;49.97;8.900;215.6;68.20;
1-1319;21.98;49.97;8.900;215.6;68.25;
1-1320;22.00;49.97;9.100;215.6;68.29;
1-1321;22.01;49.97;9.000;215.6;68.34;
1-1322;22.03;49.97;8.700;215.6;68.39;
1-1323;22.05;49.97;8.800;215.5;68.43;
1-1324;22.06;49.97;8.800;215.5;68.48;
1-1325;22.08;49.97;8.700;215.5;68.53;
1-1326;22.10;49.97;8.700;215.4;68.57;
1-1327;22.11;49.97;9.100;215.4;68.62;
1-1328;22.13;49.97;8.800;215.4;68.66;
1-1329;22.15;49.97;8.500;215.4;68.71;
1-1330;22.16;49.97;8.400;215.4;68.75;
1-1331;22.18;49.97;8.600;215.4;68.80;
1-1332;22.20;49.97;8.600;215.3;68.84;
1-1333;22.21;49.97;8.400;215.3;68.89;
1-1334;22.23;49.97;8.500;215.3;68.93;
1-1335;22.25;49.97;8.400;215.2;68.98;
1-1336;22.26;49.97;8.300;215.2;69.02;
1-1337;22.28;49.97;8.200;215.2;69.06;
1-1338;22.30;49.97;8.500;215.2;69.11;
1-1339;22.31;49.97;8.400;215.2;69.15;
1-1340;22.33;49.97;8.100;215.2;69.19;
1-1341;22.35;49.97;8.300;215.1;69.24;
1-1342;22.36;49.97;8.400;215.1;69.28;
1-1343;22.38;49.97;8.300;215.1;69.32;
1-1344;22.40;49.97;8.400;215.1;69.37;
1-1345;22.41;49.97;8.400;215.0;69.41;
1-1346;22.43;49.97;8.400;215.0;69.46;
1-1347;22.45;49.97;8.300;215.0;69.50;
1-1348;22.46;49.97;8.300;215.0;69.54;
1-1349;22.48;49.97;8.500;215.0;69.59;
1-1350;22.50;49.97;8.300;215.0;69.63;
1-1351;22.51;49.97;8.300;214.9;69.67;
1-1352;22.53;49.97;8.600;214.9;69.72;
1-1353;22.55;49.97;8.500;214.9;69.76;
1-1354;22.56;49.97;8.500;214.9;69.81;
1-1355;22.58;49.97;8.500;214.9;69.85;
1-1356;22.60;49.97;8.400;214.8;69.90;
1-1357;22.61;49.97;8.200;214.8;69.94;
1-1358;22.63;49.97;8.500;214.8;69.98;
1-1359;22.65;49.97;8.600;214.8;70.03;
1-1360;22.66;49.97;8.700;214.8;70.07;
1-1361;22.68;49.97;8.500;214.8;70.12;
1-1362;22.70;49.97;8.300;214.8;70.16;
1-1363;22.71;49.97;8.300;214.8;70.21;
1-1364;22.73;49.97;8.300;214.8;70.25;
1-1365;22.75;49.97;8.300;214.8;70.29;
1-1366;22.76;49.97;8.500;214.8;70.34;
1-1367;22.78;49.97;8.400;214.8;70.38;
1-1368;22.80;49.97;8.500;214.8;70.43;
1-1369;22.81;49.97;8.400;214.8;70.47;
1-1370;22.83;49.97;8.400;214.8;70.51;
1-1371;22.85;49.97;8.600;214.8;70.56;
1-1372;22.86;49.97;8.400;214.8;70.60;
1-1373;22.88;49.97;8.400;214.7;70.65;
1-1374;22.90;49.97;8.400;214.8;70.69;
1-1375;22.91;49.97;8.300;214.8;70.73;
1-1376;22.93;49.97;8.300;214.7;70.78;
1-1377;22.95;49.97;8.700;214.7;70.82;
1-1378;22.96;49.97;8.700;214.7;70.87;
1-1379;22.98;49.97;8.300;214.7;70.91;
1-1380;23.00;49.97;8.600;214.6;70.96;
1-1381;23.01;49.97;8.500;214.6;71.00;
1-1382;23.03;49.97;8.500;214.6;71.05;
1-1383;23.05;49.97;8.500;214.6;71.09;
1-1384;23.06;49.97;8.600;214.6;71.13;
1-1385;23.08;49.97;8.500;214.6;71.18;
1-1386;23.10;49.97;8.300;214.6;71.22;
1-1387;23.11;49.97;8.400;214.6;71.27;
1-1388;23.13;49.97;8.500;214.6;71.31;
1-1389;23.15;49.97;8.500;214.6;71.36;
1-1390;23.16;49.97;8.300;214.6;71.40;
1-1391;23.18;49.97;8.400;214.6;71.44;
1-1392;23.20;49.97;8.800;214.6;71.49;
1-1393;23.21;49.97;8.600;214.6;71.53;
1-1394;23.23;49.97;8.800;214.6;71.58;
1-1395;23.25;49.97;8.900;214.6;71.63;
1-1396;23.26;49.97;9.000;214.5;71.67;
1-1397;23.28;49.97;8.600;214.5;71.72;
1-1398;23.30;49.97;8.700;214.5;71.76;
1-1399;23.31;49.97;8.700;214.6;71.81;
1-1400;23.33;49.97;8.800;214.6;71.86;
1-1401;23.35;49.97;8.700;214.6;71.90;
1-1402;23.36;49.97;8.900;214.6;71.95;
1-1403;23.38;49.97;8.600;214.6;71.99;
1-1404;23.40;49.97;8.600;214.6;72.04;
1-1405;23.41;49.97;8.700;214.6;72.08;
1-1406;23.43;49.97;8.800;214.6;72.13;
1-1407;23.45;49.97;9.100;214.6;72.18;
1-1408;23.46;49.97;9.100;214.6;72.22;
1-1409;23.48;49.97;8.800;214.6;72.27;
1-1410;23.50;49.97;8.900;214.6;72.32;
1-1411;23.51;49.97;8.800;214.6;72.36;
1-1412;23.53;49.97;8.700;214.7;72.41;
1-1413;23.55;49.97;8.900;214.6;72.46;
1-1414;23.56;49.97;9.000;214.7;72.50;
1-1415;23.58;49.97;8.900;214.7;72.55;
1-1416;23.60;49.97;8.900;214.7;72.60;
1-1417;23.61;49.97;8.900;214.7;72.64;
1-1418;23.63;49.97;9.100;214.8;72.69;
1-1419;23.65;49.97;9.100;214.8;72.74;
1-1420;23.66;49.97;8.900;214.8;72.78;
1-1421;23.68;49.97;9.000;214.8;72.83;
1-1422;23.70;49.97;9.100;214.8;72.88;
1-1423;23.71;49.97;9.200;214.8;72.93;
1-1424;23.73;49.97;9.100;214.8;72.97;
1-1425;23.75;49.97;9.100;214.8;73.02;
1-1426;23.76;49.97;9.100;214.8;73.07;
1-1427;23.78;49.97;9.200;214.9;73.12;
1-1428;23.80;49.97;9.000;214.9;73.16;
1-1429;23.81;49.97;8.900;214.9;73.21;
1-1430;23.83;49.97;8.900;214.9;73.26;
1-1431;23.85;49.97;9.100;214.9;73.30;
1-1432;23.86;49.97;9.300;214.9;73.35;
1-1433;23.88;49.97;9.000;214.9;73.40;
1-1434;23.90;49.97;8.900;215.0;73.45;
1-1435;23.91;49.97;8.900;215.0;73.49;
1-1436;23.93;49.97;9.000;215.0;73.54;
1-1437;23.95;49.97;8.900;215.0;73.59;
1-1438;23.96;49.97;9.100;215.0;73.64;
1-1439;23.98;49.97;8.900;215.0;73.68;
1-1440;24.00;49.97;8.800;215.0;73.73;
1-1441;24.01;49.97;8.900;215.0;73.77;
1-1442;24.03;49.97;8.900;215.0;73.82;
1-1443;24.05;49.97;9.100;215.0;73.87;
1-1444;24.06;49.97;9.000;215.0;73.92;
1-1445;24.08;49.97;9.000;215.0;73.96;
1-1446;24.10;49.97;9.000;215.0;74.01;
1-1447;24.11;49.97;8.800;215.0;74.06;
1-1448;24.13;49.97;9.000;215.0;74.10;
1-1449;24.15;49.97;8.900;215.0;74.15;
1-1450;24.16;49.97;9.000;215.0;74.20;
1-1451;24.18;49.97;9.000;215.0;74.24;
1-1452;24.20;49.97;9.000;215.0;74.29;
1-1453;24.21;49.97;9.100;215.1;74.34;
1-1454;24.23;49.97;8.900;215.1;74.39;
1-1455;24.25;49.97;9.000;215.1;74.43;
1-1456;24.26;49.97;9.100;215.1;74.48;
1-1457;24.28;49.97;9.100;215.1;74.53;
1-1458;24.30;49.97;9.000;215.1;74.57;
1-1459;24.31;49.97;8.900;215.1;74.62;
1-1460;24.33;49.97;8.700;215.1;74.67;
1-1461;24.35;49.97;8.900;215.2;74.71;
1-1462;24.36;49.97;8.900;215.2;74.76;
1-1463;24.38;49.97;9.000;215.2;74.81;
1-1464;24.40;49.97;8.800;215.2;74.85;
1-1465;24.41;49.97;8.800;215.2;74.90;
1-1466;24.43;49.97;9.000;215.2;74.95;
1-1467;24.45;49.97;8.900;215.2;74.99;
1-1468;24.46;49.97;9.100;215.2;75.04;
1-1469;24.48;49.97;8.800;215.2;75.09;
1-1470;24.50;49.97;8.800;215.2;75.13;
1-1471;24.51;49.97;8.800;215.2;75.18;
1-1472;24.53;49.97;8.800;215.2;75.23;
1-1473;24.55;49.97;8.800;215.2;75.27;
1-1474;24.56;49.97;8.900;215.2;75.32;
1-1475;24.58;49.97;8.900;215.2;75.36;
1-1476;24.60;49.97;8.700;215.2;75.41;
1-1477;24.61;49.97;8.800;215.2;75.46;
1-1478;24.63;49.97;8.700;215.2;75.50;
1-1479;24.65;49.97;8.800;215.2;75.55;
1-1480;24.66;49.97;8.900;215.2;75.59;
1-1481;24.68;49.97;8.700;215.2;75.64;
1-1482;24.70;49.97;8.500;215.2;75.69;
1-1483;24.71;49.97;8.600;215.2;75.73;
1-1484;24.73;49.97;8.600;215.2;75.77;
1-1485;24.75;49.97;8.500;215.2;75.82;
1-1486;24.76;49.97;8.800;215.2;75.86;
1-1487;24.78;49.97;8.700;215.2;75.91;
1-1488;24.80;49.97;8.500;215.2;75.96;
1-1489;24.81;49.97;8.400;215.2;76.00;
1-1490;24.83;49.97;8.400;215.2;76.04;
1-1491;24.85;49.97;8.500;215.2;76.09;
1-1492;24.86;49.97;8.500;215.1;76.13;
1-1493;24.88;49.97;8.500;215.1;76.18;
1-1494;24.90;49.97;8.400;215.1;76.22;
1-1495;24.91;49.97;8.500;215.2;76.27;
1-1496;24.93;49.97;8.300;215.2;76.31;
1-1497;24.95;49.97;8.400;215.2;76.35;
1-1498;24.96;49.97;8.400;215.2;76.40;
1-1499;24.98;49.97;8.400;215.2;76.44;
1-1500;25.00;49.97;8.200;215.2;76.48;
1-1501;25.01;49.97;8.300;215.2;76.53;
1-1502;25.03;49.97;8.200;215.2;76.57;
1-1503;25.05;49.97;8.400;215.2;76.61;
1-1504;25.06;49.97;8.400;215.2;76.66;
1-1505;25.08;49.97;8.400;215.2;76.70;
1-1506;25.10;49.97;8.300;215.1;76.75;
1-1507;25.11;49.97;8.400;215.1;76.79;
1-1508;25.13;49.97;8.400;215.2;76.83;
1-1509;25.15;49.97;8.300;215.2;76.88;
1-1510;25.16;49.97;8.300;215.2;76.92;
1-1511;25.18;49.97;8.300;215.2;76.96;
1-1512;25.20;49.97;8.000;215.1;77.01;
1-1513;25.21;49.97;8.100;215.2;77.05;
1-1514;25.23;49.97;8.000;215.1;77.09;
1-1515;25.25;49.97;8.200;215.1;77.13;
1-1516;25.26;49.97;8.100;215.1;77.18;
1-1517;25.28;49.97;8.100;215.1;77.22;
1-1518;25.30;49.97;8.000;215.1;77.26;
1-1519;25.31;49.97;7.900;215.0;77.30;
1-1520;25.33;49.97;7.900;215.0;77.34;
1-1521;25.35;49.97;8.000;215.0;77.39;
1-1522;25.36;49.97;8.100;215.0;77.43;
1-1523;25.38;49.97;8.000;215.0;77.47;
1-1524;25.40;49.97;7.900;215.0;77.51;
1-1525;25.41;49.97;7.900;215.0;77.55;
1-1526;25.43;49.97;7.900;215.0;77.59;
1-1527;25.45;49.97;7.900;214.9;77.63;
1-1528;25.46;49.97;8.000;214.9;77.68;
1-1529;25.48;49.97;8.000;215.0;77.72;
1-1530;25.50;49.97;7.900;215.0;77.76;
1-1531;25.51;49.97;7.900;215.0;77.80;
1-1532;25.53;49.97;7.800;215.0;77.84;
1-1533;25.55;49.97;7.800;215.0;77.88;
1-1534;25.56;49.97;7.800;215.0;77.92;
1-1535;25.58;49.97;7.800;215.0;77.96;
1-1536;25.60;49.97;7.900;215.0;78.01;
1-1537;25.61;49.97;7.800;214.9;78.05;
1-1538;25.63;49.97;7.800;214.9;78.09;
1-1539;25.65;49.97;7.800;214.9;78.13;
1-1540;25.66;49.97;7.900;214.9;78.17;
1-1541;25.68;49.97;7.900;214.9;78.21;
1-1542;25.70;49.97;7.700;214.9;78.25;
1-1543;25.71;49.97;7.700;214.9;78.29;
1-1544;25.73;49.97;7.600;214.9;78.33;
1-1545;25.75;49.97;7.700;214.9;78.37;
1-1546;25.76;49.97;7.600;214.9;78.41;
1-1547;25.78;49.97;7.800;214.9;78.45;
1-1548;25.80;49.97;7.600;214.8;78.49;
1-1549;25.81;49.97;7.600;214.8;78.53;
1-1550;25.83;49.97;7.600;214.8;78.57;
1-1551;25.85;49.97;7.700;214.8;78.61;
1-1552;25.86;49.97;7.700;214.8;78.65;
1-1553;25.88;49.97;7.700;214.8;78.69;
1-1554;25.90;49.97;7.700;214.8;78.73;
1-1555;25.91;49.97;7.700;214.8;78.77;
1-1556;25.93;49.97;7.800;214.8;78.81;
1-1557;25.95;49.97;7.700;214.8;78.85;
1-1558;25.96;49.97;8.000;214.8;78.90;
1-1559;25.98;49.97;7.900;214.8;78.94;
1-1560;26.00;49.97;7.700;214.8;78.98;
1-1561;26.01;49.97;7.900;214.8;79.02;
1-1562;26.03;49.97;7.800;214.8;79.06;
1-1563;26.05;49.97;7.800;214.9;79.10;
1-1564;26.06;49.97;7.700;214.9;79.14;
1-1565;26.08;49.97;7.700;214.9;79.18;
1-1566;26.10;49.97;7.700;214.9;79.22;
1-1567;26.11;49.97;7.600;214.8;79.26;
1-1568;26.13;49.97;7.600;214.8;79.30;
1-1569;26.15;49.97;7.500;214.8;79.34;
1-1570;26.16;49.97;7.600;214.8;79.38;
1-1571;26.18;49.97;7.600;214.8;79.42;
1-1572;26.20;49.97;7.700;214.8;79.46;
1-1573;26.21;49.97;7.700;214.8;79.50;
1-1574;26.23;49.97;7.600;214.8;79.54;
1-1575;26.25;49.97;7.600;214.8;79.58;
1-1576;26.26;49.97;7.600;214.8;79.62;
1-1577;26.28;49.97;7.700;214.8;79.66;
1-1578;26.30;49.97;7.600;214.8;79.70;
1-1579;26.31;49.97;7.600;214.8;79.74;
1-1580;26.33;49.97;7.500;214.8;79.78;
1-1581;26.35;49.97;7.500;214.8;79.82;
1-1582;26.36;49.97;7.600;214.8;79.86;

